   1.7204999999999999       -3.5329761580957172E-002
   1.7360587587587586       -3.4118002864548094E-002
   1.7516175175175175       -3.2890298612834636E-002
   1.7671762762762762       -3.1650577996865804E-002
   1.7827350350350351       -3.0402770187690491E-002
   1.7982937937937937       -2.9150804356357685E-002
   1.8138525525525524       -2.7898609673916316E-002
   1.8294113113113113       -2.6650115311415316E-002
   1.8449700700700700       -2.5409250439903670E-002
   1.8605288288288286       -2.4179944230430295E-002
   1.8760875875875875       -2.2966125854044131E-002
   1.8916463463463462       -2.1771724481794159E-002
   1.9072051051051051       -2.0600669284729294E-002
   1.9227638638638638       -1.9456889433898512E-002
   1.9383226226226227       -1.8344314100350732E-002
   1.9538813813813813       -1.7266872455134929E-002
   1.9694401401401400       -1.6227944075039101E-002
   1.9849988988988989       -1.5227160742783514E-002
   2.0005576576576578       -1.4262589941800208E-002
   2.0161164164164163       -1.3332293939038675E-002
   2.0316751751751752       -1.2434335001448337E-002
   2.0472339339339340       -1.1566775395978694E-002
   2.0627926926926925       -1.0727677389579242E-002
   2.0783514514514514       -9.9151032491994091E-003
   2.0939102102102103       -9.1271152417886896E-003
   2.1094689689689687       -8.3617756342965754E-003
   2.1250277277277276       -7.6171466936725048E-003
   2.1405864864864865       -6.8912906868659630E-003
   2.1561452452452450       -6.1822698808264480E-003
   2.1717040040040039       -5.4882434102813812E-003
   2.1872627627627628       -4.8084377964830605E-003
   2.2028215215215212       -4.1427413108745485E-003
   2.2183802802802801       -3.4910521067015280E-003
   2.2339390390390390       -2.8532683372097458E-003
   2.2494977977977975       -2.2292881556449447E-003
   2.2650565565565568       -1.6190097152527960E-003
   2.2806153153153153       -1.0223311692790962E-003
   2.2961740740740737       -4.3915067096953495E-004
   2.3117328328328330        1.3063362643019478E-004
   2.3272915915915915        6.8712356967430294E-004
   2.3428503503503504        1.2304210055171115E-003
   2.3584091091091093        1.7606044267614450E-003
   2.3739678678678677        2.2776580118053962E-003
   2.3895266266266266        2.7815421336394100E-003
   2.4050853853853855        3.2722171652531189E-003
   2.4206441441441440        3.7496434796361598E-003
   2.4362029029029029        4.2137814497782075E-003
   2.4517616616616618        4.6645914486688972E-003
   2.4673204204204202        5.1020338492978670E-003
   2.4828791791791791        5.5260690246547867E-003
   2.4984379379379380        5.9366573477292956E-003
   2.5139966966966965        6.3337756432280496E-003
   2.5295554554554553        6.7180990226412387E-003
   2.5451142142142142        7.0912452131947443E-003
   2.5606729729729727        7.4548986427012461E-003
   2.5762317317317316        7.8107437389734616E-003
   2.5917904904904905        8.1604649298240729E-003
   2.6073492492492489        8.5057466430657654E-003
   2.6229080080080083        8.8482733065112628E-003
   2.6384667667667667        9.1897293479732203E-003
   2.6540255255255252        9.5317991952643503E-003
   2.6695842842842845        9.8759997154512294E-003
   2.6851430430430430        1.0220326632445242E-002
   2.7007018018018019        1.0559430032074806E-002
   2.7162605605605608        1.0887827569203340E-002
   2.7318193193193192        1.1200036898694254E-002
   2.7473780780780781        1.1490575675410990E-002
   2.7629368368368370        1.1753961554216964E-002
   2.7784955955955954        1.1984712189975591E-002
   2.7940543543543543        1.2177345237550303E-002
   2.8096131131131132        1.2326384796045703E-002
   2.8251718718718717        1.2430098405223428E-002
   2.8407306306306306        1.2496777606075586E-002
   2.8562893893893895        1.2536374094201217E-002
   2.8718481481481479        1.2558839565199367E-002
   2.8874069069069068        1.2574125714669078E-002
   2.9029656656656657        1.2592184238209393E-002
   2.9185244244244242        1.2622966831419356E-002
   2.9340831831831831        1.2676425189898017E-002
   2.9496419419419420        1.2762511009244413E-002
   2.9652007007007009        1.2888267212195650E-002
   2.9807594594594593        1.3048970646929153E-002
   2.9963182182182182        1.3236923529408662E-002
   3.0118769769769771        1.3444428075445051E-002
   3.0274357357357355        1.3663786500849201E-002
   3.0429944944944944        1.3887301021431998E-002
   3.0585532532532533        1.4107273853004329E-002
   3.0741120120120118        1.4316007211377062E-002
   3.0896707707707707        1.4505803312361096E-002
   3.1052295295295296        1.4670406554606769E-002
   3.1207882882882885        1.4811792840524224E-002
   3.1363470470470469        1.4934853982223370E-002
   3.1519058058058058        1.5044485202625897E-002
   3.1674645645645647        1.5145581724653485E-002
   3.1830233233233232        1.5243038771227829E-002
   3.1985820820820821        1.5341751565270607E-002
   3.2141408408408410        1.5446615329703508E-002
   3.2296995995995994        1.5562525287448219E-002
   3.2452583583583583        1.5694125105944770E-002
   3.2608171171171172        1.5841796535765989E-002
   3.2763758758758756        1.6002365604690635E-002
   3.2919346346346345        1.6172549478495408E-002
   3.3074933933933934        1.6349065322956984E-002
   3.3230521521521519        1.6528630303852061E-002
   3.3386109109109108        1.6707961586957320E-002
   3.3541696696696697        1.6883776338049463E-002
   3.3697284284284286        1.7052791722905167E-002
   3.3852871871871870        1.7211724907301131E-002
   3.4008459459459459        1.7357750268105980E-002
   3.4164047047047048        1.7491032842872938E-002
   3.4319634634634633        1.7612939884568871E-002
   3.4475222222222222        1.7724841913320986E-002
   3.4630809809809810        1.7828109449256484E-002
   3.4786397397397399        1.7924113012502570E-002
   3.4941984984984984        1.8014223123186436E-002
   3.5097572572572573        1.8099810301435291E-002
   3.5253160160160162        1.8182245067376337E-002
   3.5408747747747746        1.8262897941136773E-002
   3.5564335335335335        1.8343117581150700E-002
   3.5719922922922924        1.8423570885200972E-002
   3.5875510510510509        1.8504125691659584E-002
   3.6031098098098098        1.8584604331947117E-002
   3.6186685685685687        1.8664829137484143E-002
   3.6342273273273271        1.8744622439691234E-002
   3.6497860860860860        1.8823806569988975E-002
   3.6653448448448449        1.8902203859797927E-002
   3.6809036036036034        1.8979636640538668E-002
   3.6964623623623623        1.9055927243631782E-002
   3.7120211211211211        1.9130898000497828E-002
   3.7275798798798800        1.9204371277556059E-002
   3.7431386386386385        1.9276207121593267E-002
   3.7586973973973974        1.9346374964278712E-002
   3.7742561561561563        1.9414863974227203E-002
   3.7898149149149152        1.9481663320053563E-002
   3.8053736736736741        1.9546762170372597E-002
   3.8209324324324321        1.9610149693799105E-002
   3.8364911911911910        1.9671815058947929E-002
   3.8520499499499499        1.9731747434433868E-002
   3.8676087087087088        1.9789935988871733E-002
   3.8831674674674677        1.9846369890876341E-002
   3.8987262262262266        1.9901038309062504E-002
   3.9142849849849850        1.9953930412045028E-002
   3.9298437437437435        2.0005036670366828E-002
   3.9454025025025024        2.0054374446287149E-002
   3.9609612612612612        2.0101986399844524E-002
   3.9765200200200201        2.0147916173845020E-002
   3.9920787787787790        2.0192207411094714E-002
   4.0076375375375379        2.0234903754399677E-002
   4.0231962962962964        2.0276048846565992E-002
   4.0387550550550548        2.0315686330399717E-002
   4.0543138138138133        2.0353859848706940E-002
   4.0698725725725726        2.0390613044293727E-002
   4.0854313313313320        2.0425989559966155E-002
   4.1009900900900904        2.0460033038530296E-002
   4.1165488488488489        2.0492787122792219E-002
   4.1321076076076073        2.0524295455558002E-002
   4.1476663663663658        2.0554601524447508E-002
   4.1632251251251251        2.0583736802387613E-002
   4.1787838838838844        2.0611712392112031E-002
   4.1943426426426429        2.0638537422630217E-002
   4.2099014014014013        2.0664221022951620E-002
   4.2254601601601598        2.0688772322085706E-002
   4.2410189189189182        2.0712200449041911E-002
   4.2565776776776776        2.0734514532829706E-002
   4.2721364364364369        2.0755723702458533E-002
   4.2876951951951954        2.0775837086937844E-002
   4.3032539539539538        2.0794863815277100E-002
   4.3188127127127132        2.0812813016485746E-002
   4.3343714714714707        2.0829693819573242E-002
   4.3499302302302301        2.0845515353549043E-002
   4.3654889889889894        2.0860286747422602E-002
   4.3810477477477479        2.0874017130203364E-002
   4.3966065065065063        2.0886715630900790E-002
   4.4121652652652656        2.0898391376821292E-002
   4.4277240240240232        2.0909053484822335E-002
   4.4432827827827825        2.0918711067800778E-002
   4.4588415415415419        2.0927373238645942E-002
   4.4744003003003003        2.0935049110247145E-002
   4.4899590590590588        2.0941747795493713E-002
   4.5055178178178181        2.0947478407274966E-002
   4.5210765765765766        2.0952250058480230E-002
   4.5366353353353350        2.0956071861998819E-002
   4.5521940940940944        2.0958952930720063E-002
   4.5677528528528528        2.0960902377533289E-002
   4.5833116116116113        2.0961929315327806E-002
   4.5988703703703706        2.0962042856992946E-002
   4.6144291291291299        2.0961252115418025E-002
   4.6299878878878875        2.0959566203492371E-002
   4.6455466466466468        2.0956994234105308E-002
   4.6611054054054053        2.0953545320146146E-002
   4.6766641641641638        2.0949228574504219E-002
   4.6922229229229231        2.0944053110068847E-002
   4.7077816816816824        2.0938028035504468E-002
   4.7233404404404400        2.0931159905388057E-002
   4.7388991991991993        2.0923448395120451E-002
   4.7544579579579578        2.0914892033642947E-002
   4.7700167167167162        2.0905489349896812E-002
   4.7855754754754756        2.0895238872823331E-002
   4.8011342342342349        2.0884139131363780E-002
   4.8166929929929934        2.0872188654459445E-002
   4.8322517517517518        2.0859385971051601E-002
   4.8478105105105103        2.0845729610081524E-002
   4.8633692692692687        2.0831218100490496E-002
   4.8789280280280281        2.0815849971219803E-002
   4.8944867867867874        2.0799623751210722E-002
   4.9100455455455458        2.0782537969404526E-002
   4.9256043043043043        2.0764591154742492E-002
   4.9411630630630627        2.0745781836165916E-002
   4.9567218218218212        2.0726108542616067E-002
   4.9722805805805805        2.0705569803034226E-002
   4.9878393393393399        2.0684164146361667E-002
   5.0033980980980983        2.0661890101539678E-002
   5.0189568568568568        2.0638746197509533E-002
   5.0345156156156161        2.0614730963212514E-002
   5.0500743743743737        2.0589842927589905E-002
   5.0656331331331330        2.0564080619582977E-002
   5.0811918918918924        2.0537442568133012E-002
   5.0967506506506508        2.0509927302181295E-002
   5.1123094094094093        2.0481535187050839E-002
   5.1278681681681686        2.0452276507941625E-002
   5.1434269269269262        2.0422164884450082E-002
   5.1589856856856855        2.0391213938656626E-002
   5.1745444444444448        2.0359437292641679E-002
   5.1901032032032033        2.0326848568485666E-002
   5.2056619619619617        2.0293461388269016E-002
   5.2212207207207211        2.0259289374072145E-002
   5.2367794794794795        2.0224346147975483E-002
   5.2523382382382380        2.0188645332059448E-002
   5.2678969969969973        2.0152200548404456E-002
   5.2834557557557558        2.0115025419090944E-002
   5.2990145145145142        2.0077133566199331E-002
   5.3145732732732736        2.0038538611810035E-002
   5.3301320320320329        1.9999254178003485E-002
   5.3456907907907905        1.9959293886860102E-002
   5.3612495495495498        1.9918671360460303E-002
   5.3768083083083082        1.9877400220884526E-002
   5.3923670670670667        1.9835494090213179E-002
   5.4079258258258260        1.9792966590526692E-002
   5.4234845845845854        1.9749831343905490E-002
   5.4390433433433429        1.9706101972429991E-002
   5.4546021021021023        1.9661792098180628E-002
   5.4701608608608607        1.9616915343237808E-002
   5.4857196196196192        1.9571485329681972E-002
   5.5012783783783785        1.9525515679593528E-002
   5.5168371371371379        1.9479020015052903E-002
   5.5323958958958963        1.9432011958140528E-002
   5.5479546546546548        1.9384505130936820E-002
   5.5635134134134132        1.9336513155522206E-002
   5.5790721721721717        1.9288049653977103E-002
   5.5946309309309310        1.9239128248381934E-002
   5.6101896896896903        1.9189762560817124E-002
   5.6257484484484488        1.9139966213363103E-002
   5.6413072072072072        1.9089752828100291E-002
   5.6568659659659657        1.9039135891602974E-002
   5.6724247247247241        1.8988124410445385E-002
   5.6879834834834835        1.8936721990212825E-002
   5.7035422422422428        1.8884931914766083E-002
   5.7191010010010013        1.8832757467965935E-002
   5.7346597597597597        1.8780201933673166E-002
   5.7502185185185191        1.8727268595748536E-002
   5.7657772772772766        1.8673960738052855E-002
   5.7813360360360360        1.8620281644446873E-002
   5.7968947947947953        1.8566234598791382E-002
   5.8124535535535529        1.8511822884947165E-002
   5.8280123123123122        1.8457049786774992E-002
   5.8435710710710715        1.8401918588135648E-002
   5.8591298298298309        1.8346432572889908E-002
   5.8746885885885884        1.8290595024898566E-002
   5.8902473473473478        1.8234409228022375E-002
   5.9058061061061071        1.8177878466122132E-002
   5.9213648648648647        1.8121006023058623E-002
   5.9369236236236240        1.8063795182692605E-002
   5.9524823823823816        1.8006249228884871E-002
   5.9680411411411409        1.7948371445496197E-002
   5.9835998998999003        1.7890165116387365E-002
   5.9991586586586578        1.7831633525419156E-002
   6.0147174174174172        1.7772779956452336E-002
   6.0302761761761765        1.7713607693347698E-002
   6.0458349349349358        1.7654120019966014E-002
   6.0613936936936934        1.7594320220168071E-002
   6.0769524524524527        1.7534211577814641E-002
   6.0925112112112121        1.7473797376766503E-002
   6.1080699699699696        1.7413080900884448E-002
   6.1236287287287290        1.7352065434029236E-002
   6.1391874874874865        1.7290754260061665E-002
   6.1547462462462459        1.7229150662842495E-002
   6.1703050050050052        1.7167257926232516E-002
   6.1858637637637646        1.7105079334092502E-002
   6.2014225225225221        1.7042618170283252E-002
   6.2169812812812815        1.6979877718665517E-002
   6.2325400400400408        1.6916861263100089E-002
   6.2480987987987984        1.6853572087447755E-002
   6.2636575575575577        1.6790013475569281E-002
   6.2792163163163170        1.6726188711325449E-002
   6.2947750750750764        1.6662101078577039E-002
   6.3103338338338339        1.6597753861184839E-002
   6.3258925925925915        1.6533150343009621E-002
   6.3414513513513509        1.6468293807912156E-002
   6.3570101101101102        1.6403187539753235E-002
   6.3725688688688695        1.6337834822393631E-002
   6.3881276276276271        1.6272238939694129E-002
   6.4036863863863864        1.6206403175515503E-002
   6.4192451451451458        1.6140330813718528E-002
   6.4348039039039033        1.6074025138164000E-002
   6.4503626626626627        1.6007489443444978E-002
   6.4659214214214220        1.5940728345416988E-002
   6.4814801801801813        1.5873749038299693E-002
   6.4970389389389389        1.5806559014270801E-002
   6.5125976976976983        1.5739165765508000E-002
   6.5281564564564558        1.5671576784189015E-002
   6.5437152152152152        1.5603799562491532E-002
   6.5592739739739745        1.5535841592593268E-002
   6.5748327327327321        1.5467710366671937E-002
   6.5903914914914914        1.5399413376905225E-002
   6.6059502502502507        1.5330958115470849E-002
   6.6215090090090083        1.5262352074546523E-002
   6.6370677677677676        1.5193602746309933E-002
   6.6526265265265270        1.5124717622938799E-002
   6.6681852852852863        1.5055704196610819E-002
   6.6837440440440439        1.4986569959503713E-002
   6.6993028028028032        1.4917322403795169E-002
   6.7148615615615626        1.4847969021662898E-002
   6.7304203203203201        1.4778517305284618E-002
   6.7459790790790795        1.4708974746838018E-002
   6.7615378378378370        1.4639348838500817E-002
   6.7770965965965964        1.4569647072450705E-002
   6.7926553553553557        1.4499876940865398E-002
   6.8082141141141133        1.4430045935922609E-002
   6.8237728728728726        1.4360161549800028E-002
   6.8393316316316319        1.4290231274675365E-002
   6.8548903903903913        1.4220262602726332E-002
   6.8704491491491488        1.4150263026130637E-002
   6.8860079079079082        1.4080240037065973E-002
   6.9015666666666675        1.4010201127710053E-002
   6.9171254254254251        1.3940153790240590E-002
   6.9326841841841844        1.3870105516835278E-002
   6.9482429429429420        1.3800063799671834E-002
   6.9638017017017013        1.3730036130927947E-002
   6.9793604604604607        1.3660030002781333E-002
   6.9949192192192200        1.3590052907409698E-002
   7.0104779779779776        1.3520112336990754E-002
   7.0260367367367369        1.3450215783702193E-002
   7.0415954954954962        1.3380370739721726E-002
   7.0571542542542538        1.3310584697227070E-002
   7.0727130130130131        1.3240865148395913E-002
   7.0882717717717725        1.3171219585405970E-002
   7.1038305305305318        1.3101655500434942E-002
   7.1193892892892894        1.3032180385660548E-002
   7.1349480480480469        1.2962801733260487E-002
   7.1505068068068063        1.2893527035412449E-002
   7.1660655655655656        1.2824363784294154E-002
   7.1816243243243250        1.2755319472083308E-002
   7.1971830830830825        1.2686401590957620E-002
   7.2127418418418419        1.2617617633094783E-002
   7.2283006006006012        1.2548975090672513E-002
   7.2438593593593588        1.2480481455868518E-002
   7.2594181181181181        1.2412144220860490E-002
   7.2749768768768774        1.2343970877826148E-002
   7.2905356356356368        1.2275968918943191E-002
   7.3060943943943943        1.2208145836389335E-002
   7.3216531531531537        1.2140509120175228E-002
   7.3372119119119130        1.2073064707059745E-002
   7.3527706706706706        1.2005814249173321E-002
   7.3683294294294299        1.1938758666139462E-002
   7.3838881881881875        1.1871898877581720E-002
   7.3994469469469468        1.1805235803123605E-002
   7.4150057057057062        1.1738770362388655E-002
   7.4305644644644637        1.1672503475000406E-002
   7.4461232232232231        1.1606436060582377E-002
   7.4616819819819824        1.1540569038758101E-002
   7.4772407407407417        1.1474903329151109E-002
   7.4927994994994993        1.1409439851384939E-002
   7.5083582582582586        1.1344179525083101E-002
   7.5239170170170180        1.1279123269869138E-002
   7.5394757757757755        1.1214272005366585E-002
   7.5550345345345349        1.1149626651198953E-002
   7.5705932932932924        1.1085188126989791E-002
   7.5861520520520518        1.1020957352362614E-002
   7.6017108108108111        1.0956935246940958E-002
   7.6172695695695705        1.0893122730348349E-002
   7.6328283283283280        1.0829520722208328E-002
   7.6483870870870874        1.0766130142144410E-002
   7.6639458458458467        1.0702951909780130E-002
   7.6795046046046043        1.0639986944739025E-002
   7.6950633633633636        1.0577236166644610E-002
   7.7106221221221229        1.0514700495120424E-002
   7.7261808808808805        1.0452380849789999E-002
   7.7417396396396398        1.0390278150276856E-002
   7.7572983983983974        1.0328393316204536E-002
   7.7728571571571567        1.0266727267196556E-002
   7.7884159159159161        1.0205280922876449E-002
   7.8039746746746754        1.0144055202867748E-002
   7.8195334334334330        1.0083051026793988E-002
   7.8350921921921923        1.0022269314278685E-002
   7.8506509509509517        9.9617109849453739E-003
   7.8662097097097092        9.9013769584175935E-003
   7.8817684684684686        9.8412681543188600E-003
   7.8973272272272279        9.7813854922727088E-003
   7.9128859859859872        9.7217298919026682E-003
   7.9284447447447448        9.6623022728322770E-003
   7.9440035035035041        9.6031035546850479E-003
   7.9595622622622617        9.5441346570845284E-003
   7.9751210210210211        9.4853964996542330E-003
   7.9906797797797804        9.4268900020176953E-003
   8.0062385385385380        9.3686160837984540E-003
   8.0217972972972973        9.3105756646200237E-003
   8.0373560560560566        9.2527696641059448E-003
   8.0529148148148142        9.1951990018797475E-003
   8.0684735735735735        9.1378645975649531E-003
   8.0840323323323329        9.0807673574905649E-003
   8.0995910910910922        9.0239080635238639E-003
   8.1151498498498498        8.9672874295393060E-003
   8.1307086086086091        8.9109061687216735E-003
   8.1462673673673685        8.8547649942557639E-003
   8.1618261261261260        8.7988646193263697E-003
   8.1773848848848854        8.7432057571182747E-003
   8.1929436436436429        8.6877891208162819E-003
   8.2085024024024023        8.6326154236051715E-003
   8.2240611611611616        8.5776853786697378E-003
   8.2396199199199192        8.5229996991947818E-003
   8.2551786786786785        8.4685590983650805E-003
   8.2707374374374378        8.4143642893654332E-003
   8.2862961961961972        8.3604159853806308E-003
   8.3018549549549547        8.3067148995954673E-003
   8.3174137137137141        8.2532617451947267E-003
   8.3329724724724734        8.2000572353632048E-003
   8.3485312312312310        8.1471020832856993E-003
   8.3640899899899903        8.0943970021469889E-003
   8.3796487487487479        8.0419427051318781E-003
   8.3952075075075072        7.9897399054251472E-003
   8.4107662662662666        7.9377893162115905E-003
   8.4263250250250259        7.8860916506760005E-003
   8.4418837837837835        7.8346476220031783E-003
   8.4574425425425428        7.7834579433778981E-003
   8.4730013013013021        7.7325233279849602E-003
   8.4885600600600597        7.6818444890091615E-003
   8.5041188188188190        7.6314221396352813E-003
   8.5196775775775784        7.5812569930481166E-003
   8.5352363363363377        7.5313497624324606E-003
   8.5507950950950953        7.4817011609731093E-003
   8.5663538538538528        7.4323119018548465E-003
   8.5819126126126122        7.3831826982624620E-003
   8.5974713713713715        7.3343142633807501E-003
   8.6130301301301309        7.2857073103945033E-003
   8.6285888888888884        7.2373625524885183E-003
   8.6441476476476478        7.1892807028475746E-003
   8.6597064064064071        7.1414624746564707E-003
   8.6752651651651647        7.0939085811000018E-003
   8.6908239239239240        7.0466197353629498E-003
   8.7063826826826833        6.9995966506301117E-003
   8.7219414414414427        6.9528398692907945E-003
   8.7375002002002002        6.9063486957618913E-003
   8.7530589589589596        6.8601218889703412E-003
   8.7686177177177171        6.8141582054646321E-003
   8.7841764764764765        6.7684564017932375E-003
   8.7997352352352358        6.7230152345046437E-003
   8.8152939939939934        6.6778334601473362E-003
   8.8308527527527527        6.6329098352697884E-003
   8.8464115115115121        6.5882431164204823E-003
   8.8619702702702696        6.5438320601479086E-003
   8.8775290290290290        6.4996754230005364E-003
   8.8930877877877883        6.4557719615268511E-003
   8.9086465465465476        6.4121204322753356E-003
   8.9242053053053052        6.3687195917944781E-003
   8.9397640640640645        6.3255681966327450E-003
   8.9553228228228239        6.2826650033386269E-003
   8.9708815815815814        6.2400087684606068E-003
   8.9864403403403408        6.1975982485471589E-003
   9.0019990990990983        6.1554322001467739E-003
   9.0175578578578577        6.1135093798079226E-003
   9.0331166166166170        6.0718285440790904E-003
   9.0486753753753746        6.0303884495087647E-003
   9.0642341341341339        5.9891878526454169E-003
   9.0797928928928933        5.9482255100375310E-003
   9.0953516516516526        5.9075001782335924E-003
   9.1109104104104102        5.8670106137820848E-003
   9.1264691691691695        5.8267555732314799E-003
   9.1420279279279288        5.7867338131302624E-003
   9.1575866866866864        5.7469440900269229E-003
   9.1731454454454457        5.7073851604699287E-003
   9.1887042042042033        5.6680557810077723E-003
   9.2042629629629626        5.6289547081889253E-003
   9.2198217217217220        5.5900806985618749E-003
   9.2353804804804813        5.5514325086751005E-003
   9.2509392392392389        5.5130088950770886E-003
   9.2664979979979982        5.4748086788469381E-003
   9.2820567567567576        5.4368310823423157E-003
   9.2976155155155151        5.3990754819252494E-003
   9.3131742742742745        5.3615412542748278E-003
   9.3287330330330338        5.3242277760701621E-003
   9.3442917917917931        5.2871344239903504E-003
   9.3598505505505507        5.2502605747145005E-003
   9.3754093093093100        5.2136056049217044E-003
   9.3909680680680676        5.1771688912910742E-003
   9.4065268268268269        5.1409498105017019E-003
   9.4220855855855863        5.1049477392326927E-003
   9.4376443443443438        5.0691620541631534E-003
   9.4532031031031032        5.0335921319721796E-003
   9.4687618618618625        4.9982373493388747E-003
   9.4843206206206201        4.9630970829423436E-003
   9.4998793793793794        4.9281707094616838E-003
   9.5154381381381388        4.8934576055759977E-003
   9.5309968968968981        4.8589571479643887E-003
   9.5465556556556557        4.8246687133059619E-003
   9.5621144144144150        4.7905916782798120E-003
   9.5776731731731743        4.7567254195650431E-003
   9.5932319319319319        4.7230693138407632E-003
   9.6087906906906912        4.6896227377860658E-003
   9.6243494494494488        4.6563850680800588E-003
   9.6399082082082082        4.6233556814018360E-003
   9.6554669669669675        4.5905339544305059E-003
   9.6710257257257251        4.5579192638451711E-003
   9.6865844844844844        4.5255109863249288E-003
   9.7021432432432437        4.4933084985488824E-003
   9.7177020020020031        4.4613111771961336E-003
   9.7332607607607606        4.4295183270188238E-003
   9.7488195195195200        4.3979288828712264E-003
   9.7643782782782775        4.3665416610329773E-003
   9.7799370370370369        4.3353554777294627E-003
   9.7954957957957944        4.3043691491860842E-003
   9.8110545545545538        4.2735814916282254E-003
   9.8266133133133131        4.2429913212812861E-003
   9.8421720720720725        4.2125974543706559E-003
   9.8577308308308300        4.1823987071217348E-003
   9.8732895895895894        4.1523938957599071E-003
   9.8888483483483487        4.1225818365105693E-003
   9.9044071071071063        4.0929613455991196E-003
   9.9199658658658656        4.0635312392509433E-003
   9.9355246246246249        4.0342903336914385E-003
   9.9510833833833843        4.0052374451459956E-003
   9.9666421421421418        3.9763713898400129E-003
   9.9822009009009012        3.9476909839988765E-003
   9.9977596596596605        3.9191950438479837E-003
   10.013318418418418        3.8908823856127314E-003
   10.028877177177177        3.8627518255185040E-003
   10.044435935935937        3.8348021797906993E-003
   10.059994694694696        3.8070322646547106E-003
   10.075553453453454        3.7794408963359341E-003
   10.091112212212213        3.7520268910597567E-003
   10.106670970970971        3.7247890650515779E-003
   10.122229729729728        3.6977262347300190E-003
   10.137788488488487        3.6708373138560793E-003
   10.153347247247247        3.6441214712863036E-003
   10.168906006006004        3.6175779171549018E-003
   10.184464764764764        3.5912058615960763E-003
   10.200023523523523        3.5650045147440357E-003
   10.215582282282282        3.5389730867329905E-003
   10.231141041041040        3.5131107876971491E-003
   10.246699799799799        3.4874168277707145E-003
   10.262258558558559        3.4618904170878972E-003
   10.277817317317316        3.4365307657829077E-003
   10.293376076076076        3.4113370839899482E-003
   10.308934834834835        3.3863085818432279E-003
   10.324493593593594        3.3614444694769550E-003
   10.340052352352352        3.3367439570253419E-003
   10.355611111111111        3.3122062546225889E-003
   10.371169869869870        3.2878305724029066E-003
   10.386728628628628        3.2636161205005058E-003
   10.402287387387387        3.2395621090495876E-003
   10.417846146146147        3.2156677481843645E-003
   10.433404904904906        3.1919322480390431E-003
   10.448963663663664        3.1683548187478334E-003
   10.464522422422423        3.1449346704449373E-003
   10.480081181181182        3.1216710224274634E-003
   10.495639939939940        3.0985631788645342E-003
   10.511198698698697        3.0756104898953252E-003
   10.526757457457457        3.0528123061121636E-003
   10.542316216216216        3.0301679781073823E-003
   10.557874974974974        3.0076768564733145E-003
   10.573433733733733        2.9853382918022843E-003
   10.588992492492492        2.9631516346866251E-003
   10.604551251251250        2.9411162357186700E-003
   10.620110010010009        2.9192314454907424E-003
   10.635668768768769        2.8974966145951767E-003
   10.651227527527528        2.8759110936243020E-003
   10.666786286286285        2.8544742331704513E-003
   10.682345045045045        2.8331853838259504E-003
   10.697903803803804        2.8120438961831314E-003
   10.713462562562562        2.7910491208343259E-003
   10.729021321321321        2.7702004083718611E-003
   10.744580080080080        2.7494971093880681E-003
   10.760138838838840        2.7289385744752774E-003
   10.775697597597597        2.7085241542258226E-003
   10.791256356356357        2.6882531685880752E-003
   10.806815115115116        2.6681248024583784E-003
   10.822373873873874        2.6481382035399396E-003
   10.837932632632633        2.6282925195348227E-003
   10.853491391391392        2.6085868981450969E-003
   10.869050150150152        2.5890204870728296E-003
   10.884608908908909        2.5695924340200906E-003
   10.900167667667668        2.5503018866889441E-003
   10.915726426426426        2.5311479927814613E-003
   10.931285185185184        2.5121298999997077E-003
   10.946843943943943        2.4932467560457475E-003
   10.962402702702702        2.4744977086216535E-003
   10.977961461461460        2.4558819054294931E-003
   10.993520220220219        2.4373984941713296E-003
   11.009078978978978        2.4190466225492333E-003
   11.024637737737738        2.4008254382652731E-003
   11.040196496496495        2.3827340890215159E-003
   11.055755255255255        2.3647717229906980E-003
   11.071314014014014        2.3469375291307938E-003
   11.086872772772772        2.3292307681329252E-003
   11.102431531531531        2.3116507079740359E-003
   11.117990290290290        2.2941966166310753E-003
   11.133549049049050        2.2768677620809913E-003
   11.149107807807807        2.2596634123007342E-003
   11.164666566566567        2.2425828352672468E-003
   11.180225325325326        2.2256252989574796E-003
   11.195784084084083        2.2087900713483816E-003
   11.211342842842843        2.1920764204168973E-003
   11.226901601601602        2.1754836141399756E-003
   11.242460360360361        2.1590109204945658E-003
   11.258019119119119        2.1426576074576151E-003
   11.273577877877878        2.1264229430060697E-003
   11.289136636636638        2.1103061951168781E-003
   11.304695395395395        2.0943066316781518E-003
   11.320254154154155        2.0784235091531830E-003
   11.335812912912912        2.0626560614437194E-003
   11.351371671671671        2.0470035198065142E-003
   11.366930430430429        2.0314651154983289E-003
   11.382489189189188        2.0160400797759170E-003
   11.398047947947948        2.0007276438960384E-003
   11.413606706706705        1.9855270391154513E-003
   11.429165465465465        1.9704374966909113E-003
   11.444724224224224        1.9554582478791757E-003
   11.460282982982983        1.9405885239370030E-003
   11.475841741741741        1.9258275561211521E-003
   11.491400500500500        1.9111745756883773E-003
   11.506959259259260        1.8966288138954376E-003
   11.522518018018017        1.8821895019990919E-003
   11.538076776776776        1.8678558731870369E-003
   11.553635535535536        1.8536272050935509E-003
   11.569194294294295        1.8395028198188864E-003
   11.584753053053053        1.8254820413981208E-003
   11.600311811811812        1.8115641938663254E-003
   11.615870570570571        1.7977486012585768E-003
   11.631429329329329        1.7840345876099523E-003
   11.646988088088088        1.7704214769555234E-003
   11.662546846846848        1.7569085933303663E-003
   11.678105605605607        1.7434952607695571E-003
   11.693664364364365        1.7301808033081717E-003
   11.709223123123124        1.7169645449812824E-003
   11.724781881881883        1.7038458098239660E-003
   11.740340640640639        1.6908239218713002E-003
   11.755899399399398        1.6778982013372788E-003
   11.771458158158158        1.6650679404991262E-003
   11.787016916916915        1.6523324192304434E-003
   11.802575675675675        1.6396909173487979E-003
   11.818134434434434        1.6271427146717628E-003
   11.833693193193193        1.6146870910169083E-003
   11.849251951951951        1.6023233262018074E-003
   11.864810710710710        1.5900507000440284E-003
   11.880369469469469        1.5778684923611428E-003
   11.895928228228227        1.5657759829707239E-003
   11.911486986986986        1.5537724516903391E-003
   11.927045745745746        1.5418571783375617E-003
   11.942604504504505        1.5300294427299621E-003
   11.958163263263263        1.5182885543785379E-003
   11.973722022022022        1.5066339534827505E-003
   11.989280780780781        1.4950651161857362E-003
   12.004839539539539        1.4835815186316880E-003
   12.020398298298298        1.4721826369647956E-003
   12.035957057057058        1.4608679473292517E-003
   12.051515815815817        1.4496369258692487E-003
   12.067074574574574        1.4384890487289797E-003
   12.082633333333334        1.4274237920526339E-003
   12.098192092092093        1.4164406319844051E-003
   12.113750850850851        1.4055390446684856E-003
   12.129309609609610        1.3947185062490655E-003
   12.144868368368368        1.3839784770549970E-003
   12.160427127127127        1.3733183223528444E-003
   12.175985885885884        1.3627373720575889E-003
   12.191544644644644        1.3522349560250767E-003
   12.207103403403403        1.3418104041111568E-003
   12.222662162162161        1.3314630461716780E-003
   12.238220920920920        1.3211922120624866E-003
   12.253779679679679        1.3109972316394311E-003
   12.269338438438439        1.3008774347583595E-003
   12.284897197197196        1.2908321512751213E-003
   12.300455955955956        1.2808607110455618E-003
   12.316014714714715        1.2709624473397044E-003
   12.331573473473473        1.2611367969832443E-003
   12.347132232232232        1.2513833165289365E-003
   12.362690990990991        1.2417015691993535E-003
   12.378249749749751        1.2320911182170662E-003
   12.393808508508508        1.2225515268046462E-003
   12.409367267267267        1.2130823581846637E-003
   12.424926026026027        1.2036831755796902E-003
   12.440484784784784        1.1943535422122978E-003
   12.456043543543544        1.1850930213050562E-003
   12.471602302302303        1.1759011760805371E-003
   12.487161061061062        1.1667775606832591E-003
   12.502719819819820        1.1577216448017907E-003
   12.518278578578579        1.1487328522184074E-003
   12.533837337337339        1.1398106062574895E-003
   12.549396096096094        1.1309543302434183E-003
   12.564954854854854        1.1221634475005692E-003
   12.580513613613613        1.1134373813533229E-003
   12.596072372372372        1.1047755551260596E-003
   12.611631131131130        1.0961773921431585E-003
   12.627189889889889        1.0876423157289976E-003
   12.642748648648649        1.0791697800050075E-003
   12.658307407407406        1.0707594713796097E-003
   12.673866166166166        1.0624111822318677E-003
   12.689424924924925        1.0541247054818644E-003
   12.704983683683682        1.0458998340496818E-003
   12.720542442442442        1.0377363608554003E-003
   12.736101201201201        1.0296340788191018E-003
   12.751659959959960        1.0215927808608688E-003
   12.767218718718718        1.0136122599007833E-003
   12.782777477477477        1.0056922740079967E-003
   12.798336236236237        9.9783222836124261E-004
   12.813894994994994        9.9003132304950787E-004
   12.829453753753754        9.8228875562858748E-004
   12.845012512512513        9.7460372365427907E-004
   12.860571271271272        9.6697542468238010E-004
   12.876130030030030        9.5940305626868790E-004
   12.891688788788789        9.5188581596899829E-004
   12.907247547547549        9.4442292231499293E-004
   12.922806306306306        9.3701412826596058E-004
   12.938365065065065        9.2965975178978526E-004
   12.953923823823825        9.2236013795237283E-004
   12.969482582582582        9.1511563181962980E-004
   12.985041341341340        9.0792657845746095E-004
   13.000600100100099        9.0079332293177073E-004
   13.016158858858859        8.9371621026937539E-004
   13.031717617617616        8.8669519700661204E-004
   13.047276376376375        8.7972889674426248E-004
   13.062835135135135        8.7281563310766827E-004
   13.078393893893894        8.6595372972217042E-004
   13.093952652652652        8.5914151021311048E-004
   13.109511411411411        8.5237729820582828E-004
   13.125070170170170        8.4565943803769695E-004
   13.140628928928928        8.3898746984182075E-004
   13.156187687687687        8.3236276074416906E-004
   13.171746446446447        8.2578683197552093E-004
   13.187305205205206        8.1926120476665421E-004
   13.202863963963964        8.1278740034834750E-004
   13.218422722722723        8.0636692964587079E-004
   13.233981481481482        8.0000008247781325E-004
   13.249540240240240        7.9368479087489065E-004
   13.265098998998999        7.8741871788676166E-004
   13.280657757757758        7.8119952656308740E-004
   13.296216516516518        7.7502487995352739E-004
   13.311775275275275        7.6889268937395340E-004
   13.327334034034035        7.6280321960023475E-004
   13.342892792792794        7.5675803399257661E-004
   13.358451551551552        7.5075870952335643E-004
   13.374010310310309        7.4480682316495036E-004
   13.389569069069069        7.3890375064264511E-004
   13.405127827827828        7.3304868290544728E-004
   13.420686586586585        7.2723947152022528E-004
   13.436245345345345        7.2147394868097734E-004
   13.451804104104104        7.1574994664284951E-004
   13.467362862862862        7.1006605085508932E-004
   13.482921621621621        7.0442347785777096E-004
   13.498480380380380        6.9882401836638764E-004
   13.514039139139140        6.9326946309643191E-004
   13.529597897897897        6.8776137451938399E-004
   13.545156656656657        6.8229911432071623E-004
   13.560715415415416        6.7688081331542904E-004
   13.576274174174173        6.7150458883800501E-004
   13.591832932932933        6.6616864621854783E-004
   13.607391691691692        6.6087244342128728E-004
   13.622950450450450        6.5561637095186832E-004
   13.638509209209209        6.5040084154039291E-004
   13.654067967967968        6.4522618698384794E-004
   13.669626726726728        6.4009170358544736E-004
   13.685185485485485        6.3499597171431043E-004
   13.700744244244245        6.2993755745962502E-004
   13.716303003003004        6.2491521461668952E-004
   13.731861761761762        6.1992950485508164E-004
   13.747420520520521        6.1498200006381107E-004
   13.762979279279280        6.1007428316417847E-004
   13.778538038038038        6.0520764160537416E-004
   13.794096796796795        6.0038093425344443E-004
   13.809655555555555        5.9559182768828675E-004
   13.825214314314314        5.9083798024646915E-004
   13.840773073073072        5.8611733404588409E-004
   13.856331831831831        5.8143077277841957E-004
   13.871890590590590        5.7678092094824664E-004
   13.887449349349350        5.7217042577106336E-004
   13.903008108108107        5.6760185714374480E-004
   13.918566866866867        5.6307508024027982E-004
   13.934125625625626        5.5858661157296373E-004
   13.949684384384383        5.5413275970340233E-004
   13.965243143143143        5.4970983319319934E-004
   13.980801901901902        5.4531468366688176E-004
   13.996360660660661        5.4094760533517528E-004
   14.011919419419419        5.3661023722433867E-004
   14.027478178178178        5.3230422145049958E-004
   14.043036936936938        5.2803120012978686E-004
   14.058595695695695        5.2379266928812484E-004
   14.074154454454455        5.1958930192919507E-004
   14.089713213213214        5.1542148309456724E-004
   14.105271971971973        5.1128959752088493E-004
   14.120830730730731        5.0719402994479250E-004
   14.136389489489490        5.0313512546021973E-004
   14.151948248248249        4.9911201637784809E-004
   14.167507007007007        4.9512242687592151E-004
   14.183065765765765        4.9116400214675650E-004
   14.198624524524524        4.8723438738266947E-004
   14.214183283283283        4.8333122777597775E-004
   14.229742042042041        4.7945222951913309E-004
   14.245300800800800        4.7559693193078705E-004
   14.260859559559560        4.7176698400551469E-004
   14.276418318318317        4.6796415139051625E-004
   14.291977077077076        4.6419019973299079E-004
   14.307535835835836        4.6044689468013888E-004
   14.323094594594595        4.5673600187916036E-004
   14.338653353353353        4.5305900579453126E-004
   14.354212112112112        4.4941539903983367E-004
   14.369770870870871        4.4580381414804844E-004
   14.385329629629629        4.4222288024813803E-004
   14.400888388388388        4.3867122646906330E-004
   14.416447147147148        4.3514748193978646E-004
   14.432005905905907        4.3165027578926941E-004
   14.447564664664664        4.2817826099871681E-004
   14.463123423423424        4.2473082647713202E-004
   14.478682182182183        4.2130821917533859E-004
   14.494240940940941        4.1791073449978994E-004
   14.509799699699700        4.1453866785693853E-004
   14.525358458458459        4.1119231465323793E-004
   14.540917217217217        4.0787197029514162E-004
   14.556475975975976        4.0457793018910211E-004
   14.572034734734736        4.0131048821221902E-004
   14.587593493493495        3.9806973351498532E-004
   14.603152252252251        3.9485534659069852E-004
   14.618711011011010        3.9166695940105674E-004
   14.634269769769769        3.8850420390776060E-004
   14.649828528528527        3.8536671207251006E-004
   14.665387287287286        3.8225411585700428E-004
   14.680946046046046        3.7916604722294312E-004
   14.696504804804805        3.7610213813202655E-004
   14.712063563563563        3.7306202060193760E-004
   14.727622322322322        3.7004538854389606E-004
   14.743181081081081        3.6705211609467303E-004
   14.758739839839839        3.6408211001469207E-004
   14.774298598598598        3.6113527706437546E-004
   14.789857357357358        3.5821152400414638E-004
   14.805416116116117        3.5531075759442785E-004
   14.820974874874874        3.5243288459564312E-004
   14.836533633633634        3.4957781176821450E-004
   14.852092392392393        3.4674544587256535E-004
   14.867651151151151        3.4393569366897249E-004
   14.883209909909910        3.4114842536830611E-004
   14.898768668668669        3.3838337189285461E-004
   14.914327427427429        3.3564023098913234E-004
   14.929886186186186        3.3291870040365394E-004
   14.945444944944946        3.3021847788293316E-004
   14.961003703703705        3.2753926117348481E-004
   14.976562462462462        3.2488074802182346E-004
   14.992121221221222        3.2224263617446286E-004
   15.007679979979979        3.1962462337791815E-004
   15.023238738738739        3.1702640737870291E-004
   15.038797497497496        3.1444768592351924E-004
   15.054356256256256        3.1188825170003513E-004
   15.069915015015015        3.0934826297260195E-004
   15.085473773773773        3.0682796598448437E-004
   15.101032532532532        3.0432760697894629E-004
   15.116591291291291        3.0184743219925230E-004
   15.132150050050051        2.9938768788866695E-004
   15.147708808808808        2.9694862029045491E-004
   15.163267567567567        2.9453047564788001E-004
   15.178826326326327        2.9213350020420697E-004
   15.194385085085084        2.8975794020270050E-004
   15.209943843843844        2.8740404188662443E-004
   15.225502602602603        2.8507205090238315E-004
   15.241061361361362        2.8276181278659359E-004
   15.256620120120120        2.8047207948175194E-004
   15.272178878878879        2.7820141779129798E-004
   15.287737637637639        2.7594839451867227E-004
   15.303296396396396        2.7371157646731528E-004
   15.318855155155156        2.7148953044066684E-004
   15.334413913913915        2.6928082324216741E-004
   15.349972672672674        2.6708402167525719E-004
   15.365531431431432        2.6489769254337686E-004
   15.381090190190191        2.6272040264996608E-004
   15.396648948948950        2.6055071879846543E-004
   15.412207707707706        2.5838720779231559E-004
   15.427766466466466        2.5622847878166807E-004
   15.443325225225225        2.5407528617779976E-004
   15.458883983983982        2.5193150009726888E-004
   15.474442742742742        2.4980123560598472E-004
   15.490001501501501        2.4768860776985775E-004
   15.505560260260260        2.4559773165479769E-004
   15.521119019019018        2.4353272232671485E-004
   15.536677777777777        2.4149769485151860E-004
   15.552236536536537        2.3949676429511915E-004
   15.567795295295294        2.3753404572342672E-004
   15.583354054054054        2.3561365420235073E-004
   15.598912812812813        2.3373970479780143E-004
   15.614471571571572        2.3191631257568865E-004
   15.630030330330330        2.3014759260192257E-004
   15.645589089089089        2.2843711341415300E-004
   15.661147847847849        2.2677901082334759E-004
   15.676706606606606        2.2515945861008028E-004
   15.692265365365365        2.2356438081759899E-004
   15.707824124124125        2.2197970148915243E-004
   15.723382882882884        2.2039134466798907E-004
   15.738941641641642        2.1878523439735739E-004
   15.754500400400401        2.1714729472050554E-004
   15.770059159159160        2.1546344968068209E-004
   15.785617917917918        2.1371962332113564E-004
   15.801176676676677        2.1190173968511428E-004
   15.816735435435435        2.0999572281586677E-004
   15.832294194194194        2.0798749675664125E-004
   15.847852952952952        2.0586298555068641E-004
   15.863411711711711        2.0360811324125034E-004
   15.878970470470470        2.0120985973616596E-004
   15.894529229229228        1.9868191309815183E-004
   15.910087987987987        1.9606608948148074E-004
   15.925646746746747        1.9340554513123882E-004
   15.941205505505506        1.9074343629251202E-004
   15.956764264264264        1.8812291921038650E-004
   15.972323023023023        1.8558715012994759E-004
   15.987881781781782        1.8317928529628150E-004
   16.003440540540542        1.8094248095447404E-004
   16.018999299299299        1.7891989334961137E-004
   16.034558058058060        1.7715467872677878E-004
   16.050116816816818        1.7568999333106294E-004
   16.065675575575575        1.7456899340754925E-004
   16.081234334334336        1.7383483520132354E-004
   16.096793093093094        1.7353067495747194E-004
   16.112351851851852        1.7369966892108023E-004
   16.127910610610613        1.7438497333723449E-004
   16.143469369369370        1.7562178825664235E-004
   16.159028128128131        1.7734355303332958E-004
   16.174586886886889        1.7941336710643581E-004
   16.190145645645647        1.8169292776204854E-004
   16.205704404404408        1.8404393228625552E-004
   16.221263163163165        1.8632807796514281E-004
   16.236821921921923        1.8840706208479816E-004
   16.252380680680680        1.9014258193130875E-004
   16.267939439439438        1.9139633479076172E-004
   16.283498198198199        1.9203001794924440E-004
   16.299056956956957        1.9190532869284359E-004
   16.314615715715718        1.9088396430764641E-004
   16.330174474474475        1.8882762207974045E-004
   16.345733233233233        1.8559799929521279E-004
   16.361291991991994        1.8105679324014945E-004
   16.376850750750751        1.7506570120063956E-004
   16.392409509509509        1.6748642046276956E-004
   16.407968268268270        1.5818064831262419E-004
   16.423527027027028        1.4701008203629493E-004
   16.439085785785785        1.3383803362566467E-004
   16.454644544544546        1.1864540076097634E-004
   16.470203303303304        1.0160835970195328E-004
   16.485762062062062        8.2921504618422326E-005
   16.501320820820823        6.2779429680208748E-005
   16.516879579579580        4.1376729057151785E-005
   16.532438338338341        1.8907996919071871E-005
   16.547997097097099       -4.4321725641907041E-006
   16.563555855855856       -2.8449185222810940E-005
   16.579114614614618       -5.2948446886964393E-005
   16.594673373373375       -7.7735363386809833E-005
   16.610232132132133       -1.0261534055252277E-004
   16.625790890890894       -1.2739378421427875E-004
   16.641349649649651       -1.5187610020223641E-004
   16.656908408408409       -1.7586769434657147E-004
   16.672467167167166       -1.9917397247745373E-004
   16.688025925925928       -2.2160034042505831E-004
   16.703584684684685       -2.4295220401954480E-004
   16.719143443443443       -2.6303496909108845E-004
   16.734702202202204       -2.8165404146986335E-004
   16.750260960960961       -2.9861482698603065E-004
   16.765819719719719       -3.1372273146976508E-004
   16.781378478478480       -3.2678316075123918E-004
   16.796937237237238       -3.3760154976288000E-004
   16.812495995995995       -3.4604191901104294E-004
   16.828054754754756       -3.5214969691548773E-004
   16.843613513513514       -3.5600531766047784E-004
   16.859172272272275       -3.5768921543028121E-004
   16.874731031031033       -3.5728182440916315E-004
   16.890289789789790       -3.5486357878139073E-004
   16.905848548548551       -3.5051491273122866E-004
   16.921407307307309       -3.4431626044294531E-004
   16.936966066066066       -3.3634805610080595E-004
   16.952524824824827       -3.2669073388907433E-004
   16.968083583583585       -3.1542472799202118E-004
   16.983642342342343       -3.0263047259391064E-004
   16.999201101101104       -2.8838840187900543E-004
   17.014759859859861       -2.7277895003157820E-004
   17.030318618618619       -2.5588255123589208E-004
   17.045877377377376       -2.3777963967621323E-004
   17.061436136136138       -2.1855064953680338E-004
   17.076994894894895       -1.9827601500193741E-004
   17.092553653653653       -1.7703617025587728E-004
   17.108112412412414       -1.5491154948288403E-004
   17.123671171171171       -1.3198258686723395E-004
   17.139229929929929       -1.0832971659318819E-004
   17.154788688688690       -8.4033372845007418E-005
   17.170347447447448       -5.9173989806968807E-005
   17.185906206206205       -3.3832001663333172E-005
   17.201464964964966       -8.0878425983606713E-006
   17.217023723723724        1.7978053203670740E-005
   17.232582482482485        4.4285251558506678E-005
   17.248141241241242        7.0753318281868992E-005
   17.263700000000000        9.7301819189497495E-005
