   1.7204999999999999       -106.78714990725499     
   1.7360587587587586       -106.80522751806625     
   1.7516175175175175       -106.82371151673034     
   1.7671762762762762       -106.84250176440877     
   1.7827350350350351       -106.86149812226287     
   1.7982937937937937       -106.88060045145407     
   1.8138525525525524       -106.89970861314376     
   1.8294113113113113       -106.91872246849331     
   1.8449700700700700       -106.93754187866421     
   1.8605288288288286       -106.95606670481779     
   1.8760875875875875       -106.97419680811548     
   1.8916463463463462       -106.99183204971867     
   1.9072051051051051       -107.00887229078879     
   1.9227638638638638       -107.02521739248722     
   1.9383226226226227       -107.04076721597535     
   1.9538813813813813       -107.05542162241463     
   1.9694401401401400       -107.06909644606965     
   1.9849988988988989       -107.08181644501616     
   2.0005576576576578       -107.09365184125807     
   2.0161164164164163       -107.10467300840821     
   2.0316751751751752       -107.11495032007947     
   2.0472339339339340       -107.12455414988474     
   2.0627926926926925       -107.13355487143683     
   2.0783514514514514       -107.14202285834864     
   2.0939102102102103       -107.15002848423302     
   2.1094689689689687       -107.15764212270284     
   2.1250277277277276       -107.16493414737097     
   2.1405864864864865       -107.17197493185020     
   2.1561452452452450       -107.17883484975349     
   2.1717040040040039       -107.18557953249758     
   2.1872627627627628       -107.19222235721719     
   2.2028215215215212       -107.19874430483415     
   2.2183802802802801       -107.20512587250312     
   2.2339390390390390       -107.21134755737883     
   2.2494977977977975       -107.21738985661594     
   2.2650565565565568       -107.22323326736915     
   2.2806153153153153       -107.22885828679313     
   2.2961740740740737       -107.23424541204263     
   2.3117328328328330       -107.23937514027227     
   2.3272915915915915       -107.24422796863679     
   2.3428503503503504       -107.24878439429085     
   2.3584091091091093       -107.25303157197605     
   2.3739678678678677       -107.25698354294795     
   2.3895266266266266       -107.26066113474718     
   2.4050853853853855       -107.26408517491453     
   2.4206441441441440       -107.26727649099080     
   2.4362029029029029       -107.27025591051679     
   2.4517616616616618       -107.27304426103333     
   2.4673204204204202       -107.27566237008124     
   2.4828791791791791       -107.27813106520125     
   2.4984379379379380       -107.28047117393422     
   2.5139966966966965       -107.28270330454414     
   2.5295554554554553       -107.28483875817460     
   2.5451142142142142       -107.28687627230876     
   2.5606729729729727       -107.28881369541045     
   2.5762317317317316       -107.29064887594356     
   2.5917904904904905       -107.29237966237196     
   2.6073492492492489       -107.29400390315948     
   2.6229080080080083       -107.29551944677002     
   2.6384667667667667       -107.29692414166746     
   2.6540255255255252       -107.29821583631565     
   2.6695842842842845       -107.29939267138118     
   2.6851430430430430       -107.30045892791706     
   2.7007018018018019       -107.30142472130595     
   2.7162605605605608       -107.30230039787189     
   2.7318193193193192       -107.30309630393884     
   2.7473780780780781       -107.30382278583082     
   2.7629368368368370       -107.30449018987181     
   2.7784955955955954       -107.30510886238582     
   2.7940543543543543       -107.30568914969682     
   2.8096131131131132       -107.30624139141675     
   2.8251718718718717       -107.30677202812574     
   2.8407306306306306       -107.30727705976854     
   2.8562893893893895       -107.30775075713331     
   2.8718481481481479       -107.30818739100803     
   2.8874069069069068       -107.30858123218080     
   2.9029656656656657       -107.30892655143967     
   2.9185244244244242       -107.30921761957272     
   2.9340831831831831       -107.30944870736803     
   2.9496419419419420       -107.30961408561363     
   2.9652007007007009       -107.30971002272014     
   2.9807594594594593       -107.30974086754172     
   2.9963182182182182       -107.30971301178459     
   3.0118769769769771       -107.30963284715502     
   3.0274357357357355       -107.30950676535922     
   3.0429944944944944       -107.30934115810348     
   3.0585532532532533       -107.30914241709409     
   3.0741120120120118       -107.30891693403728     
   3.0896707707707707       -107.30867110063934     
   3.1052295295295296       -107.30841042172482     
   3.1207882882882885       -107.30813534009006     
   3.1363470470470469       -107.30784450536980     
   3.1519058058058058       -107.30753656510120     
   3.1674645645645647       -107.30721016682142     
   3.1830233233233232       -107.30686395806775     
   3.1985820820820821       -107.30649658637729     
   3.2141408408408410       -107.30610669928727     
   3.2296995995995994       -107.30569294433485     
   3.2452583583583583       -107.30525406184387     
   3.2608171171171172       -107.30479036415228     
   3.2763758758758756       -107.30430347513158     
   3.2919346346346345       -107.30379505880708     
   3.3074933933933934       -107.30326677920421     
   3.3230521521521519       -107.30272030034831     
   3.3386109109109108       -107.30215728626477     
   3.3541696696696697       -107.30157940097895     
   3.3697284284284286       -107.30098830851621     
   3.3852871871871870       -107.30038567290195     
   3.4008459459459459       -107.29977301888066     
   3.4164047047047048       -107.29915096014754     
   3.4319634634634633       -107.29851974416515     
   3.4475222222222222       -107.29787961740082     
   3.4630809809809810       -107.29723082632185     
   3.4786397397397399       -107.29657361739554     
   3.4941984984984984       -107.29590823708921     
   3.5097572572572573       -107.29523493187011     
   3.5253160160160162       -107.29455394820559     
   3.5408747747747746       -107.29386553256293     
   3.5564335335335335       -107.29316993317100     
   3.5719922922922924       -107.29246745319351     
   3.5875510510510509       -107.29175846018059     
   3.6031098098098098       -107.29104332534926     
   3.6186685685685687       -107.29032241991652     
   3.6342273273273271       -107.28959611509939     
   3.6497860860860860       -107.28886478211491     
   3.6653448448448449       -107.28812879218002     
   3.6809036036036034       -107.28738851651181     
   3.6964623623623623       -107.28664432632723     
   3.7120211211211211       -107.28589659284334     
   3.7275798798798800       -107.28514568723865     
   3.7431386386386385       -107.28439193925567     
   3.7586973973973974       -107.28363555834954     
   3.7742561561561563       -107.28287673227132     
   3.7898149149149152       -107.28211564877196     
   3.8053736736736741       -107.28135249560253     
   3.8209324324324321       -107.28058746051400     
   3.8364911911911910       -107.27982073125737     
   3.8520499499499499       -107.27905249558368     
   3.8676087087087088       -107.27828294124392     
   3.8831674674674677       -107.27751225598909     
   3.8987262262262266       -107.27674062757023     
   3.9142849849849850       -107.27596824373832     
   3.9298437437437435       -107.27519529059926     
   3.9454025025025024       -107.27442192027809     
   3.9609612612612612       -107.27364825293327     
   3.9765200200200201       -107.27287440748140     
   3.9920787787787790       -107.27210050283900     
   4.0076375375375379       -107.27132665792269     
   4.0231962962962964       -107.27055299164905     
   4.0387550550550548       -107.26977962293465     
   4.0543138138138133       -107.26900667069607     
   4.0698725725725726       -107.26823425384993     
   4.0854313313313320       -107.26746249131274     
   4.1009900900900904       -107.26669150200114     
   4.1165488488488489       -107.26592140483169     
   4.1321076076076073       -107.26515231872096     
   4.1476663663663658       -107.26438436232523     
   4.1632251251251251       -107.26361763414724     
   4.1787838838838844       -107.26285219852051     
   4.1943426426426429       -107.26208811646794     
   4.2099014014014013       -107.26132544901232     
   4.2254601601601598       -107.26056425717647     
   4.2410189189189182       -107.25980460198326     
   4.2565776776776776       -107.25904654445553     
   4.2721364364364369       -107.25829014561606     
   4.2876951951951954       -107.25753546648772     
   4.3032539539539538       -107.25678256809334     
   4.3188127127127132       -107.25603151145575     
   4.3343714714714707       -107.25528235759776     
   4.3499302302302301       -107.25453516754223     
   4.3654889889889894       -107.25379000231199     
   4.3810477477477479       -107.25304692292988     
   4.3966065065065063       -107.25230599041869     
   4.4121652652652656       -107.25156726212332     
   4.4277240240240232       -107.25083077282254     
   4.4432827827827825       -107.25009654874167     
   4.4588415415415419       -107.24936461608961     
   4.4744003003003003       -107.24863500107539     
   4.4899590590590588       -107.24790772990802     
   4.5055178178178181       -107.24718282879645     
   4.5210765765765766       -107.24646032394972     
   4.5366353353353350       -107.24574024157675     
   4.5521940940940944       -107.24502260788657     
   4.5677528528528528       -107.24430744908820     
   4.5833116116116113       -107.24359479139058     
   4.5988703703703706       -107.24288466100271     
   4.6144291291291299       -107.24217708413359     
   4.6299878878878875       -107.24147208699220     
   4.6455466466466468       -107.24076969578752     
   4.6611054054054053       -107.24006993672859     
   4.6766641641641638       -107.23937283602434     
   4.6922229229229231       -107.23867841988380     
   4.7077816816816824       -107.23798671450773     
   4.7233404404404400       -107.23729774113488     
   4.7388991991991993       -107.23661150763927     
   4.7544579579579578       -107.23592801966761     
   4.7700167167167162       -107.23524728286660     
   4.7855754754754756       -107.23456930288293     
   4.8011342342342349       -107.23389408536330     
   4.8166929929929934       -107.23322163595442     
   4.8322517517517518       -107.23255196030298     
   4.8478105105105103       -107.23188506405567     
   4.8633692692692687       -107.23122095285923     
   4.8789280280280281       -107.23055963236031     
   4.8944867867867874       -107.22990110820568     
   4.9100455455455458       -107.22924538604195     
   4.9256043043043043       -107.22859247151587     
   4.9411630630630627       -107.22794237027414     
   4.9567218218218212       -107.22729508796345     
   4.9722805805805805       -107.22665063023049     
   4.9878393393393399       -107.22600900272201     
   5.0033980980980983       -107.22537021108465     
   5.0189568568568568       -107.22473426096512     
   5.0345156156156161       -107.22410115801016     
   5.0500743743743737       -107.22347090786643     
   5.0656331331331330       -107.22284351618065     
   5.0811918918918924       -107.22221898859949     
   5.0967506506506508       -107.22159733076968     
   5.1123094094094093       -107.22097854689889     
   5.1278681681681686       -107.22036263342125     
   5.1434269269269262       -107.21974958415795     
   5.1589856856856855       -107.21913939292835     
   5.1745444444444448       -107.21853205355166     
   5.1901032032032033       -107.21792755984718     
   5.2056619619619617       -107.21732590563415     
   5.2212207207207211       -107.21672708473190     
   5.2367794794794795       -107.21613109095968     
   5.2523382382382380       -107.21553791813676     
   5.2678969969969973       -107.21494756008239     
   5.2834557557557558       -107.21436001061593     
   5.2990145145145142       -107.21377526355658     
   5.3145732732732736       -107.21319331272366     
   5.3301320320320329       -107.21261415193639     
   5.3456907907907905       -107.21203777501411     
   5.3612495495495498       -107.21146417577607     
   5.3768083083083082       -107.21089334804152     
   5.3923670670670667       -107.21032528562978     
   5.4079258258258260       -107.20975998236010     
   5.4234845845845854       -107.20919743205175     
   5.4390433433433429       -107.20863762852402     
   5.4546021021021023       -107.20808056559619     
   5.4701608608608607       -107.20752623708755     
   5.4857196196196192       -107.20697463681732     
   5.5012783783783785       -107.20642575860482     
   5.5168371371371379       -107.20587959626933     
   5.5323958958958963       -107.20533614363008     
   5.5479546546546548       -107.20479539450641     
   5.5635134134134132       -107.20425734271754     
   5.5790721721721717       -107.20372198208278     
   5.5946309309309310       -107.20318930642141     
   5.6101896896896903       -107.20265930955267     
   5.6257484484484488       -107.20213198529588     
   5.6413072072072072       -107.20160732747027     
   5.6568659659659657       -107.20108532981479     
   5.6724247247247241       -107.20056598341125     
   5.6879834834834835       -107.20004927613822     
   5.7035422422422428       -107.19953519568341     
   5.7191010010010013       -107.19902372973458     
   5.7346597597597597       -107.19851486597945     
   5.7502185185185191       -107.19800859210575     
   5.7657772772772766       -107.19750489580123     
   5.7813360360360360       -107.19700376475357     
   5.7968947947947953       -107.19650518665058     
   5.8124535535535529       -107.19600914917994     
   5.8280123123123122       -107.19551564002940     
   5.8435710710710715       -107.19502464688669     
   5.8591298298298309       -107.19453615743956     
   5.8746885885885884       -107.19405015937573     
   5.8902473473473478       -107.19356664038291     
   5.9058061061061071       -107.19308558814885     
   5.9213648648648647       -107.19260699036131     
   5.9369236236236240       -107.19213083470798     
   5.9524823823823816       -107.19165710887661     
   5.9680411411411409       -107.19118580055495     
   5.9835998998999003       -107.19071689743075     
   5.9991586586586578       -107.19025038719164     
   6.0147174174174172       -107.18978625752547     
   6.0302761761761765       -107.18932449611992     
   6.0458349349349358       -107.18886509066274     
   6.0613936936936934       -107.18840802884166     
   6.0769524524524527       -107.18795329834437     
   6.0925112112112121       -107.18750088685866     
   6.1080699699699696       -107.18705078207226     
   6.1236287287287290       -107.18660297167288     
   6.1391874874874865       -107.18615744334825     
   6.1547462462462459       -107.18571418478611     
   6.1703050050050052       -107.18527318367420     
   6.1858637637637646       -107.18483442770024     
   6.2014225225225221       -107.18439790455199     
   6.2169812812812815       -107.18396360191714     
   6.2325400400400408       -107.18353150748348     
   6.2480987987987984       -107.18310160893868     
   6.2636575575575577       -107.18267389397052     
   6.2792163163163170       -107.18224835026672     
   6.2947750750750764       -107.18182496551498     
   6.3103338338338339       -107.18140372740309     
   6.3258925925925915       -107.18098462361876     
   6.3414513513513509       -107.18056764184971     
   6.3570101101101102       -107.18015276978367     
   6.3725688688688695       -107.17973999510841     
   6.3881276276276271       -107.17932930551162     
   6.4036863863863864       -107.17892068868106     
   6.4192451451451458       -107.17851413230444     
   6.4348039039039033       -107.17810962406952     
   6.4503626626626627       -107.17770715166399     
   6.4659214214214220       -107.17730670277227     
   6.4814801801801813       -107.17690826507240     
   6.4970389389389389       -107.17651182624161     
   6.5125976976976983       -107.17611737395717     
   6.5281564564564558       -107.17572489589637     
   6.5437152152152152       -107.17533437973650     
   6.5592739739739745       -107.17494581315478     
   6.5748327327327321       -107.17455918382851     
   6.5903914914914914       -107.17417447943494     
   6.6059502502502507       -107.17379168765137     
   6.6215090090090083       -107.17341079615505     
   6.6370677677677676       -107.17303179262326     
   6.6526265265265270       -107.17265466473326     
   6.6681852852852863       -107.17227940016231     
   6.6837440440440439       -107.17190598658772     
   6.6993028028028032       -107.17153441168669     
   6.7148615615615626       -107.17116466313657     
   6.7304203203203201       -107.17079672861458     
   6.7459790790790795       -107.17043059579801     
   6.7615378378378370       -107.17006625236411     
   6.7770965965965964       -107.16970368599017     
   6.7926553553553557       -107.16934288435345     
   6.8082141141141133       -107.16898383513123     
   6.8237728728728726       -107.16862652600076     
   6.8393316316316319       -107.16827094463930     
   6.8548903903903913       -107.16791707872419     
   6.8704491491491488       -107.16756491593260     
   6.8860079079079082       -107.16721444394186     
   6.9015666666666675       -107.16686565042924     
   6.9171254254254251       -107.16651852307201     
   6.9326841841841844       -107.16617304954742     
   6.9482429429429420       -107.16582921753276     
   6.9638017017017013       -107.16548701470528     
   6.9793604604604607       -107.16514642874226     
   6.9949192192192200       -107.16480744732097     
   7.0104779779779776       -107.16447005811865     
   7.0260367367367369       -107.16413424881263     
   7.0415954954954962       -107.16380000708014     
   7.0571542542542538       -107.16346732059847     
   7.0727130130130131       -107.16313617704488     
   7.0882717717717725       -107.16280656409663     
   7.1038305305305318       -107.16247846943098     
   7.1193892892892894       -107.16215188072523     
   7.1349480480480469       -107.16182678565663     
   7.1505068068068063       -107.16150317190247     
   7.1660655655655656       -107.16118102714000     
   7.1816243243243250       -107.16086033904651     
   7.1971830830830825       -107.16054109529924     
   7.2127418418418419       -107.16022328357548     
   7.2283006006006012       -107.15990689155250     
   7.2438593593593588       -107.15959190690755     
   7.2594181181181181       -107.15927831731791     
   7.2749768768768774       -107.15896611046088     
   7.2905356356356368       -107.15865527401371     
   7.3060943943943943       -107.15834579565364     
   7.3216531531531537       -107.15803766305997     
   7.3372119119119130       -107.15773086533690     
   7.3527706706706706       -107.15742539551941     
   7.3683294294294299       -107.15712124731451     
   7.3838881881881875       -107.15681841442917     
   7.3994469469469468       -107.15651689057039     
   7.4150057057057062       -107.15621666944514     
   7.4305644644644637       -107.15591774476043     
   7.4461232232232231       -107.15562011022324     
   7.4616819819819824       -107.15532375954058     
   7.4772407407407417       -107.15502868641940     
   7.4927994994994993       -107.15473488456671     
   7.5083582582582586       -107.15444234768950     
   7.5239170170170180       -107.15415106949472     
   7.5394757757757755       -107.15386104368945     
   7.5550345345345349       -107.15357226398058     
   7.5705932932932924       -107.15328472407514     
   7.5861520520520518       -107.15299841768017     
   7.6017108108108111       -107.15271333850256     
   7.6172695695695705       -107.15242948024937     
   7.6328283283283280       -107.15214683662757     
   7.6483870870870874       -107.15186540134412     
   7.6639458458458467       -107.15158516810605     
   7.6795046046046043       -107.15130613062034     
   7.6950633633633636       -107.15102828259397     
   7.7106221221221229       -107.15075161773392     
   7.7261808808808805       -107.15047612974719     
   7.7417396396396398       -107.15020181234078     
   7.7572983983983974       -107.14992865922166     
   7.7728571571571567       -107.14965666409684     
   7.7884159159159161       -107.14938582067330     
   7.8039746746746754       -107.14911612265799     
   7.8195334334334330       -107.14884756375795     
   7.8350921921921923       -107.14858013768014     
   7.8506509509509517       -107.14831383813159     
   7.8662097097097092       -107.14804865881923     
   7.8817684684684686       -107.14778459345011     
   7.8973272272272279       -107.14752163573115     
   7.9128859859859872       -107.14725977936939     
   7.9284447447447448       -107.14699901807181     
   7.9440035035035041       -107.14673934554538     
   7.9595622622622617       -107.14648075549712     
   7.9751210210210211       -107.14622324163400     
   7.9906797797797804       -107.14596679766301     
   8.0062385385385380       -107.14571141729112     
   8.0217972972972973       -107.14545709422535     
   8.0373560560560566       -107.14520382217268     
   8.0529148148148142       -107.14495159484009     
   8.0684735735735735       -107.14470040593459     
   8.0840323323323329       -107.14445024919092     
   8.0995910910910922       -107.14420111860417     
   8.1151498498498498       -107.14395300831157     
   8.1307086086086091       -107.14370591245175     
   8.1462673673673685       -107.14345982516343     
   8.1618261261261260       -107.14321474058521     
   8.1773848848848854       -107.14297065285578     
   8.1929436436436429       -107.14272755611384     
   8.2085024024024023       -107.14248544449804     
   8.2240611611611616       -107.14224431214703     
   8.2396199199199192       -107.14200415319949     
   8.2551786786786785       -107.14176496179410     
   8.2707374374374378       -107.14152673206948     
   8.2862961961961972       -107.14128945816434     
   8.3018549549549547       -107.14105313421734     
   8.3174137137137141       -107.14081775436712     
   8.3329724724724734       -107.14058331275237     
   8.3485312312312310       -107.14034980351175     
   8.3640899899899903       -107.14011722078395     
   8.3796487487487479       -107.13988555870762     
   8.3952075075075072       -107.13965481142141     
   8.4107662662662666       -107.13942497306400     
   8.4263250250250259       -107.13919603777406     
   8.4418837837837835       -107.13896799969025     
   8.4574425425425428       -107.13874085295123     
   8.4730013013013021       -107.13851459169570     
   8.4885600600600597       -107.13828921006230     
   8.5041188188188190       -107.13806470218967     
   8.5196775775775784       -107.13784106221651     
   8.5352363363363377       -107.13761828428152     
   8.5507950950950953       -107.13739636252329     
   8.5663538538538528       -107.13717529108055     
   8.5819126126126122       -107.13695506409192     
   8.5974713713713715       -107.13673567569612     
   8.6130301301301309       -107.13651712003178     
   8.6285888888888884       -107.13629939123756     
   8.6441476476476478       -107.13608248345213     
   8.6597064064064071       -107.13586639081419     
   8.6752651651651647       -107.13565110746235     
   8.6908239239239240       -107.13543662753534     
   8.7063826826826833       -107.13522294517178     
   8.7219414414414427       -107.13501005448090     
   8.7375002002002002       -107.13479794935844     
   8.7530589589589596       -107.13458662360610     
   8.7686177177177171       -107.13437607102509     
   8.7841764764764765       -107.13416628541674     
   8.7997352352352358       -107.13395726058225     
   8.8152939939939934       -107.13374899032294     
   8.8308527527527527       -107.13354146844007     
   8.8464115115115121       -107.13333468873489     
   8.8619702702702696       -107.13312864500867     
   8.8775290290290290       -107.13292333106267     
   8.8930877877877883       -107.13271874069817     
   8.9086465465465476       -107.13251486771641     
   8.9242053053053052       -107.13231170591871     
   8.9397640640640645       -107.13210924910628     
   8.9553228228228239       -107.13190749108041     
   8.9708815815815814       -107.13170642564238     
   8.9864403403403408       -107.13150604659343     
   9.0019990990990983       -107.13130634773484     
   9.0175578578578577       -107.13110732286786     
   9.0331166166166170       -107.13090896579378     
   9.0486753753753746       -107.13071127031387     
   9.0642341341341339       -107.13051423022937     
   9.0797928928928933       -107.13031783934154     
   9.0953516516516526       -107.13012209145168     
   9.1109104104104102       -107.12992698036105     
   9.1264691691691695       -107.12973249987091     
   9.1420279279279288       -107.12953864378251     
   9.1575866866866864       -107.12934540589714     
   9.1731454454454457       -107.12915278001607     
   9.1887042042042033       -107.12896075994053     
   9.2042629629629626       -107.12876933947182     
   9.2198217217217220       -107.12857851241118     
   9.2353804804804813       -107.12838827255992     
   9.2509392392392389       -107.12819861371926     
   9.2664979979979982       -107.12800953060206     
   9.2820567567567576       -107.12782102358963     
   9.2976155155155151       -107.12763309523882     
   9.3131742742742745       -107.12744574811094     
   9.3287330330330338       -107.12725898476728     
   9.3442917917917931       -107.12707280776915     
   9.3598505505505507       -107.12688721967784     
   9.3754093093093100       -107.12670222305462     
   9.3909680680680676       -107.12651782046090     
   9.4065268268268269       -107.12633401445787     
   9.4220855855855863       -107.12615080760690     
   9.4376443443443438       -107.12596820246925     
   9.4532031031031032       -107.12578620160625     
   9.4687618618618625       -107.12560480757919     
   9.4843206206206201       -107.12542402294936     
   9.4998793793793794       -107.12524385027812     
   9.5154381381381388       -107.12506429212672     
   9.5309968968968981       -107.12488535105648     
   9.5465556556556557       -107.12470702962867     
   9.5621144144144150       -107.12452933040464     
   9.5776731731731743       -107.12435225594565     
   9.5932319319319319       -107.12417580881306     
   9.6087906906906912       -107.12399999156813     
   9.6243494494494488       -107.12382480677218     
   9.6399082082082082       -107.12365025698649     
   9.6554669669669675       -107.12347634477237     
   9.6710257257257251       -107.12330307269114     
   9.6865844844844844       -107.12313044330409     
   9.7021432432432437       -107.12295845917252     
   9.7177020020020031       -107.12278712285773     
   9.7332607607607606       -107.12261643558324     
   9.7488195195195200       -107.12244639169248     
   9.7643782782782775       -107.12227698332350     
   9.7799370370370369       -107.12210820261333     
   9.7954957957957944       -107.12194004169898     
   9.8110545545545538       -107.12177249271745     
   9.8266133133133131       -107.12160554780579     
   9.8421720720720725       -107.12143919910099     
   9.8577308308308300       -107.12127343874010     
   9.8732895895895894       -107.12110825886013     
   9.8888483483483487       -107.12094365159808     
   9.9044071071071063       -107.12077960909096     
   9.9199658658658656       -107.12061612347586     
   9.9355246246246249       -107.12045318688972     
   9.9510833833833843       -107.12029079146960     
   9.9666421421421418       -107.12012892935248     
   9.9822009009009012       -107.11996759267544     
   9.9977596596596605       -107.11980677357543     
   10.013318418418418       -107.11964646418953     
   10.028877177177177       -107.11948665665474     
   10.044435935935937       -107.11932734310807     
   10.059994694694696       -107.11916851568652     
   10.075553453453454       -107.11901016652715     
   10.091112212212213       -107.11885228776697     
   10.106670970970971       -107.11869487154297     
   10.122229729729728       -107.11853790999677     
   10.137788488488487       -107.11838139757516     
   10.153347247247247       -107.11822533476591     
   10.168906006006004       -107.11806972303434     
   10.184464764764764       -107.11791456384569     
   10.200023523523523       -107.11775985866531     
   10.215582282282282       -107.11760560895850     
   10.231141041041040       -107.11745181619048     
   10.246699799799799       -107.11729848182659     
   10.262258558558559       -107.11714560733216     
   10.277817317317316       -107.11699319417242     
   10.293376076076076       -107.11684124381269     
   10.308934834834835       -107.11668975771825     
   10.324493593593594       -107.11653873735442     
   10.340052352352352       -107.11638818418646     
   10.355611111111111       -107.11623809967972     
   10.371169869869870       -107.11608848529940     
   10.386728628628628       -107.11593934251090     
   10.402287387387387       -107.11579067277944     
   10.417846146146147       -107.11564247757033     
   10.433404904904906       -107.11549475834889     
   10.448963663663664       -107.11534751658037     
   10.464522422422423       -107.11520075373008     
   10.480081181181182       -107.11505447083240     
   10.495639939939940       -107.11490866493016     
   10.511198698698697       -107.11476333090425     
   10.526757457457457       -107.11461846361422     
   10.542316216216216       -107.11447405791967     
   10.557874974974974       -107.11433010868011     
   10.573433733733733       -107.11418661075516     
   10.588992492492492       -107.11404355900437     
   10.604551251251250       -107.11390094828731     
   10.620110010010009       -107.11375877346352     
   10.635668768768769       -107.11361702939264     
   10.651227527527528       -107.11347571093417     
   10.666786286286285       -107.11333481294770     
   10.682345045045045       -107.11319433029279     
   10.697903803803804       -107.11305425782901     
   10.713462562562562       -107.11291459041593     
   10.729021321321321       -107.11277532291312     
   10.744580080080080       -107.11263645018015     
   10.760138838838840       -107.11249796707658     
   10.775697597597597       -107.11235986846199     
   10.791256356356357       -107.11222215010488     
   10.806815115115116       -107.11208481177955     
   10.822373873873874       -107.11194785436356     
   10.837932632632633       -107.11181127873444     
   10.853491391391392       -107.11167508576973     
   10.869050150150152       -107.11153927634702     
   10.884608908908909       -107.11140385134384     
   10.900167667667668       -107.11126881163771     
   10.915726426426426       -107.11113415810624     
   10.931285185185184       -107.11099989162695     
   10.946843943943943       -107.11086601307740     
   10.962402702702702       -107.11073252333514     
   10.977961461461460       -107.11059942327775     
   10.993520220220219       -107.11046671378271     
   11.009078978978978       -107.11033439572766     
   11.024637737737738       -107.11020246999011     
   11.040196496496495       -107.11007093744762     
   11.055755255255255       -107.10993979896030     
   11.071314014014014       -107.10980905387909     
   11.086872772772772       -107.10967869890057     
   11.102431531531531       -107.10954873045161     
   11.117990290290290       -107.10941914495915     
   11.133549049049050       -107.10928993885015     
   11.149107807807807       -107.10916110855150     
   11.164666566566567       -107.10903265049018     
   11.180225325325326       -107.10890456109307     
   11.195784084084083       -107.10877683678710     
   11.211342842842843       -107.10864947399925     
   11.226901601601602       -107.10852246915638     
   11.242460360360361       -107.10839581868547     
   11.258019119119119       -107.10826951901342     
   11.273577877877878       -107.10814356656719     
   11.289136636636638       -107.10801795777367     
   11.304695395395395       -107.10789268907962     
   11.320254154154155       -107.10776775947717     
   11.335812912912912       -107.10764317298521     
   11.351371671671671       -107.10751893421188     
   11.366930430430429       -107.10739504776539     
   11.382489189189188       -107.10727151825387     
   11.398047947947948       -107.10714835028548     
   11.413606706706705       -107.10702554846839     
   11.429165465465465       -107.10690311741075     
   11.444724224224224       -107.10678106172077     
   11.460282982982983       -107.10665938600657     
   11.475841741741741       -107.10653809487634     
   11.491400500500500       -107.10641719293822     
   11.506959259259260       -107.10629668480043     
   11.522518018018017       -107.10617657507105     
   11.538076776776776       -107.10605686812707     
   11.553635535535536       -107.10593756302245     
   11.569194294294295       -107.10581865348601     
   11.584753053053053       -107.10570013301479     
   11.600311811811812       -107.10558199510588     
   11.615870570570571       -107.10546423325636     
   11.631429329329329       -107.10534684096325     
   11.646988088088088       -107.10522981172365     
   11.662546846846848       -107.10511313903463     
   11.678105605605607       -107.10499681639325     
   11.693664364364365       -107.10488083729661     
   11.709223123123124       -107.10476519524173     
   11.724781881881883       -107.10464988372570     
   11.740340640640639       -107.10453489624558     
   11.755899399399398       -107.10442022647973     
   11.771458158158158       -107.10430586943177     
   11.787016916916915       -107.10419182069374     
   11.802575675675675       -107.10407807586036     
   11.818134434434434       -107.10396463052631     
   11.833693193193193       -107.10385148028629     
   11.849251951951951       -107.10373862073506     
   11.864810710710710       -107.10362604746726     
   11.880369469469469       -107.10351375607759     
   11.895928228228227       -107.10340174216083     
   11.911486986986986       -107.10329000131161     
   11.927045745745746       -107.10317852912466     
   11.942604504504505       -107.10306732119467     
   11.958163263263263       -107.10295637076561     
   11.973722022022022       -107.10284566073503     
   11.989280780780781       -107.10273517115490     
   12.004839539539539       -107.10262488207715     
   12.020398298298298       -107.10251477355364     
   12.035957057057058       -107.10240482563627     
   12.051515815815817       -107.10229501837696     
   12.067074574574574       -107.10218533182760     
   12.082633333333334       -107.10207574604009     
   12.098192092092093       -107.10196624106629     
   12.113750850850851       -107.10185679695816     
   12.129309609609610       -107.10174739376755     
   12.144868368368368       -107.10163801907888     
   12.160427127127127       -107.10152870575249     
   12.175985885885884       -107.10141950348586     
   12.191544644644644       -107.10131046200472     
   12.207103403403403       -107.10120163103471     
   12.222662162162161       -107.10109306030147     
   12.238220920920920       -107.10098479953076     
   12.253779679679679       -107.10087689844818     
   12.269338438438439       -107.10076940677943     
   12.284897197197196       -107.10066237425021     
   12.300455955955956       -107.10055585058615     
   12.316014714714715       -107.10044988421647     
   12.331573473473473       -107.10034448424821     
   12.347132232232232       -107.10023961432546     
   12.362690990990991       -107.10013523555959     
   12.378249749749751       -107.10003130906209     
   12.393808508508508       -107.09992779594435     
   12.409367267267267       -107.09982465731784     
   12.424926026026027       -107.09972185429396     
   12.440484784784784       -107.09961934798415     
   12.456043543543544       -107.09951709949985     
   12.471602302302303       -107.09941506995247     
   12.487161061061062       -107.09931322377447     
   12.502719819819820       -107.09921155629489     
   12.518278578578579       -107.09911007963665     
   12.533837337337339       -107.09900880609023     
   12.549396096096094       -107.09890774794603     
   12.564954854854854       -107.09880691749454     
   12.580513613613613       -107.09870632702619     
   12.596072372372372       -107.09860598883148     
   12.611631131131130       -107.09850591520082     
   12.627189889889889       -107.09840611842466     
   12.642748648648649       -107.09830660896093     
   12.658307407407406       -107.09820738344575     
   12.673866166166166       -107.09810843220956     
   12.689424924924925       -107.09800974555068     
   12.704983683683682       -107.09791131376741     
   12.720542442442442       -107.09781312715806     
   12.736101201201201       -107.09771517602087     
   12.751659959959960       -107.09761745065418     
   12.767218718718718       -107.09751994135631     
   12.782777477477477       -107.09742263959367     
   12.798336236236237       -107.09732554866171     
   12.813894994994994       -107.09722867873040     
   12.829453753753754       -107.09713204005466     
   12.845012512512513       -107.09703564288932     
   12.860571271271272       -107.09693949748937     
   12.876130030030030       -107.09684361410966     
   12.891688788788789       -107.09674800300510     
   12.907247547547549       -107.09665267393710     
   12.922806306306306       -107.09655762409447     
   12.938365065065065       -107.09646283737393     
   12.953923823823825       -107.09636829703467     
   12.969482582582582       -107.09627398633592     
   12.985041341341340       -107.09617988853689     
   13.000600100100099       -107.09608598689681     
   13.016158858858859       -107.09599226467559     
   13.031717617617616       -107.09589871209211     
   13.047276376376375       -107.09580534342109     
   13.062835135135135       -107.09571217813156     
   13.078393893893894       -107.09561923569250     
   13.093952652652652       -107.09552653557290     
   13.109511411411411       -107.09543409724179     
   13.125070170170170       -107.09534193989565     
   13.140628928928928       -107.09525006699688     
   13.156187687687687       -107.09515845796864     
   13.171746446446447       -107.09506709020643     
   13.187305205205206       -107.09497594110573     
   13.202863963963964       -107.09488498806202     
   13.218422722722723       -107.09479420858361     
   13.233981481481482       -107.09470359354948     
   13.249540240240240       -107.09461315965545     
   13.265098998998999       -107.09452292654254     
   13.280657757757758       -107.09443291385183     
   13.296216516516518       -107.09434314122433     
   13.311775275275275       -107.09425362556075     
   13.327334034034035       -107.09416435778422     
   13.342892792792794       -107.09407531448417     
   13.358451551551552       -107.09398647209966     
   13.374010310310309       -107.09389780706984     
   13.389569069069069       -107.09380929912716     
   13.405127827827828       -107.09372096375699     
   13.420686586586585       -107.09363283836316     
   13.436245345345345       -107.09354496066651     
   13.451804104104104       -107.09345736838645     
   13.467362862862862       -107.09337008159214     
   13.482921621621621       -107.09328305869609     
   13.498480380380380       -107.09319624465563     
   13.514039139139140       -107.09310958442809     
   13.529597897897897       -107.09302302873454     
   13.545156656656657       -107.09293658387087     
   13.560715415415416       -107.09285028721540     
   13.576274174174173       -107.09276417648678     
   13.591832932932933       -107.09267828749111     
   13.607391691691692       -107.09259262880848     
   13.622950450450450       -107.09250718875003     
   13.638509209209209       -107.09242195514403     
   13.654067967967968       -107.09233691649200     
   13.669626726726728       -107.09225206991105     
   13.685185485485485       -107.09216741847501     
   13.700744244244245       -107.09208296537652     
   13.716303003003004       -107.09199871303321     
   13.731861761761762       -107.09191465639830     
   13.747420520520521       -107.09183078625396     
   13.762979279279280       -107.09174709333685     
   13.778538038038038       -107.09166357195021     
   13.794096796796795       -107.09158024571246     
   13.809655555555555       -107.09149715263413     
   13.825214314314314       -107.09141433082516     
   13.840773073073072       -107.09133181134844     
   13.856331831831831       -107.09124955221942     
   13.871890590590590       -107.09116746822438     
   13.887449349349350       -107.09108547358559     
   13.903008108108107       -107.09100348457333     
   13.918566866866867       -107.09092148910180     
   13.934125625625626       -107.09083956378579     
   13.949684384384383       -107.09075779074850     
   13.965243143143143       -107.09067625211300     
   13.980801901901902       -107.09059502068625     
   13.996360660660661       -107.09051411021761     
   14.011919419419419       -107.09043351138611     
   14.027478178178178       -107.09035321481780     
   14.043036936936938       -107.09027321113876     
   14.058595695695695       -107.09019348182171     
   14.074154454454455       -107.09011395677305     
   14.089713213213214       -107.09003454785682     
   14.105271971971973       -107.08995516691800     
   14.120830730730731       -107.08987572580158     
   14.136389489489490       -107.08979614062844     
   14.151948248248249       -107.08971645833179     
   14.167507007007007       -107.08963687772787     
   14.183065765765765       -107.08955760615243     
   14.198624524524524       -107.08947885094116     
   14.214183283283283       -107.08940081942981     
   14.229742042042041       -107.08932370824563     
   14.245300800800800       -107.08924739221379     
   14.260859559559560       -107.08917137580950     
   14.276418318318317       -107.08909514302977     
   14.291977077077076       -107.08901817787162     
   14.307535835835836       -107.08893996433214     
   14.323094594594595       -107.08885998640835     
   14.338653353353353       -107.08877790949354     
   14.354212112112112       -107.08869468396153     
   14.369770870870871       -107.08861181504039     
   14.385329629629629       -107.08853081015408     
   14.400888388388388       -107.08845317672665     
   14.416447147147148       -107.08838042218206     
   14.432005905905907       -107.08831405394436     
   14.447564664664664       -107.08825552442751     
   14.463123423423424       -107.08820458878661     
   14.478682182182183       -107.08815902328828     
   14.494240940940941       -107.08811649244667     
   14.509799699699700       -107.08807466077597     
   14.525358458458459       -107.08803119279027     
   14.540917217217217       -107.08798375300378     
   14.556475975975976       -107.08793000593063     
   14.572034734734736       -107.08786762544096     
   14.587593493493495       -107.08779553784429     
   14.603152252252251       -107.08771516945912     
   14.618711011011010       -107.08762824350168     
   14.634269769769769       -107.08753648318827     
   14.649828528528527       -107.08744161173519     
   14.665387287287286       -107.08734535235875     
   14.680946046046046       -107.08724942827517     
   14.696504804804805       -107.08715556270077     
   14.712063563563563       -107.08706547836969     
   14.727622322322322       -107.08698036494864     
   14.743181081081081       -107.08689985988482     
   14.758739839839839       -107.08682331964930     
   14.774298598598598       -107.08675010071312     
   14.789857357357358       -107.08667955954738     
   14.805416116116117       -107.08661105262314     
   14.820974874874874       -107.08654393641146     
   14.836533633633634       -107.08647756738345     
   14.852092392392393       -107.08641130201013     
   14.867651151151151       -107.08634449676318     
   14.883209909909910       -107.08627664691083     
   14.898768668668669       -107.08620777667073     
   14.914327427427429       -107.08613803624584     
   14.929886186186186       -107.08606757583905     
   14.945444944944946       -107.08599654565332     
   14.961003703703705       -107.08592509589147     
   14.976562462462462       -107.08585337675650     
   14.992121221221222       -107.08578153845129     
   15.007679979979979       -107.08570973117877     
   15.023238738738739       -107.08563810514183     
   15.038797497497496       -107.08556681054333     
   15.054356256256256       -107.08549596552459     
   15.069915015015015       -107.08542556477164     
   15.085473773773773       -107.08535557326010     
   15.101032532532532       -107.08528595596553     
   15.116591291291291       -107.08521667786361     
   15.132150050050051       -107.08514770392986     
   15.147708808808808       -107.08507899913990     
   15.163267567567567       -107.08501052846934     
   15.178826326326327       -107.08494225689377     
   15.194385085085084       -107.08487414938874     
   15.209943843843844       -107.08480617092992     
   15.225502602602603       -107.08473828650764     
   15.241061361361362       -107.08467047103001     
   15.256620120120120       -107.08460272651232     
   15.272178878878879       -107.08453505955902     
   15.287737637637639       -107.08446747677452     
   15.303296396396396       -107.08439998476329     
   15.318855155155156       -107.08433259012978     
   15.334413913913915       -107.08426529947837     
   15.349972672672674       -107.08419811941356     
   15.365531431431432       -107.08413105653975     
   15.381090190190191       -107.08406411746139     
   15.396648948948950       -107.08399730878291     
   15.412207707707706       -107.08393063710876     
   15.427766466466466       -107.08386410898090     
   15.443325225225225       -107.08379772777771     
   15.458883983983982       -107.08373149228272     
   15.474442742742742       -107.08366540091828     
   15.490001501501501       -107.08359945210671     
   15.505560260260260       -107.08353364427033     
   15.521119019019018       -107.08346797583150     
   15.536677777777777       -107.08340244521251     
   15.552236536536537       -107.08333705083577     
   15.567795295295294       -107.08327179112351     
   15.583354054054054       -107.08320666449812     
   15.598912812812813       -107.08314166938193     
   15.614471571571572       -107.08307680419725     
   15.630030330330330       -107.08301206736643     
   15.645589089089089       -107.08294745736973     
   15.661147847847849       -107.08288297368745     
   15.676706606606606       -107.08281861664400     
   15.692265365365365       -107.08275438659021     
   15.707824124124125       -107.08269028387701     
   15.723382882882884       -107.08262630885530     
   15.738941641641642       -107.08256246187587     
   15.754500400400401       -107.08249874328966     
   15.770059159159160       -107.08243515344753     
   15.785617917917918       -107.08237169270035     
   15.801176676676677       -107.08230836139901     
   15.816735435435435       -107.08224515989437     
   15.832294194194194       -107.08218208853732     
   15.847852952952952       -107.08211914767872     
   15.863411711711711       -107.08205633766947     
   15.878970470470470       -107.08199365878949     
   15.894529229229228       -107.08193110952378     
   15.910087987987987       -107.08186868646712     
   15.925646746746747       -107.08180638612411     
   15.941205505505506       -107.08174420499951     
   15.956764264264264       -107.08168213959793     
   15.972323023023023       -107.08162018642408     
   15.987881781781782       -107.08155834198256     
   16.003440540540542       -107.08149660277812     
   16.018999299299299       -107.08143496531541     
   16.034558058058060       -107.08137342609906     
   16.050116816816818       -107.08131198163379     
   16.065675575575575       -107.08125062842424     
   16.081234334334336       -107.08118936297512     
   16.096793093093094       -107.08112818179103     
   16.112351851851852       -107.08106708137673     
   16.127910610610613       -107.08100605823682     
   16.143469369369370       -107.08094510928169     
   16.159028128128131       -107.08088423661013     
   16.174586886886889       -107.08082344590753     
   16.190145645645647       -107.08076274293066     
   16.205704404404408       -107.08070213343635     
   16.221263163163165       -107.08064162318142     
   16.236821921921923       -107.08058121792263     
   16.252380680680680       -107.08052092341684     
   16.267939439439438       -107.08046074542082     
   16.283498198198199       -107.08040068969142     
   16.299056956956957       -107.08034076198543     
   16.314615715715718       -107.08028096805965     
   16.330174474474475       -107.08022131367092     
   16.345733233233233       -107.08016180457602     
   16.361291991991994       -107.08010244653175     
   16.376850750750751       -107.08004324529497     
   16.392409509509509       -107.07998420662246     
   16.407968268268270       -107.07992533627103     
   16.423527027027028       -107.07986663999746     
   16.439085785785785       -107.07980812348372     
   16.454644544544546       -107.07974978695670     
   16.470203303303304       -107.07969162158408     
   16.485762062062062       -107.07963361767914     
   16.501320820820823       -107.07957576555513     
   16.516879579579580       -107.07951805552533     
   16.532438338338341       -107.07946047790298     
   16.547997097097099       -107.07940302300130     
   16.563555855855856       -107.07934568113363     
   16.579114614614618       -107.07928844261316     
   16.594673373373375       -107.07923129775317     
   16.610232132132133       -107.07917423686692     
   16.625790890890894       -107.07911725026767     
   16.641349649649651       -107.07906032826867     
   16.656908408408409       -107.07900346118316     
   16.672467167167166       -107.07894663932444     
   16.688025925925928       -107.07888985300573     
   16.703584684684685       -107.07883309254032     
   16.719143443443443       -107.07877634824145     
   16.734702202202204       -107.07871961042237     
   16.750260960960961       -107.07866286939633     
   16.765819719719719       -107.07860611547663     
   16.781378478478480       -107.07854933897649     
   16.796937237237238       -107.07849253021034     
   16.812495995995995       -107.07843568184721     
   16.828054754754756       -107.07837879384699     
   16.843613513513514       -107.07832186757646     
   16.859172272272275       -107.07826490440243     
   16.874731031031033       -107.07820790569171     
   16.890289789789790       -107.07815087281108     
   16.905848548548551       -107.07809380712732     
   16.921407307307309       -107.07803671000728     
   16.936966066066066       -107.07797958281768     
   16.952524824824827       -107.07792242692538     
   16.968083583583585       -107.07786524369716     
   16.983642342342343       -107.07780803449980     
   16.999201101101104       -107.07775080070010     
   17.014759859859861       -107.07769354366486     
   17.030318618618619       -107.07763626476090     
   17.045877377377376       -107.07757896535497     
   17.061436136136138       -107.07752164681392     
   17.076994894894895       -107.07746431050450     
   17.092553653653653       -107.07740695779354     
   17.108112412412414       -107.07734959004779     
   17.123671171171171       -107.07729220863409     
   17.139229929929929       -107.07723481491924     
   17.154788688688690       -107.07717741027000     
   17.170347447447448       -107.07711999605318     
   17.185906206206205       -107.07706257363560     
   17.201464964964966       -107.07700514438405     
   17.217023723723724       -107.07694770966529     
   17.232582482482485       -107.07689027084615     
   17.248141241241242       -107.07683282929341     
   17.263700000000000       -107.07677538637388     
