   1.7204999999999999       -106.56756577997049     
   1.7360587587587586       -106.58246218897435     
   1.7516175175175175       -106.59764438787224     
   1.7671762762762762       -106.61304195460833     
   1.7827350350350351       -106.62858446712679     
   1.7982937937937937       -106.64420150337170     
   1.8138525525525524       -106.65982264128729     
   1.8294113113113113       -106.67537745881766     
   1.8449700700700700       -106.69079553390698     
   1.8605288288288286       -106.70600644449939     
   1.8760875875875875       -106.72093976853905     
   1.8916463463463462       -106.73552508397009     
   1.9072051051051051       -106.74969196873668     
   1.9227638638638638       -106.76337000078296     
   1.9383226226226227       -106.77648875805309     
   1.9538813813813813       -106.78897781849119     
   1.9694401401401400       -106.80077726224619     
   1.9849988988988989       -106.81189878611852     
   2.0005576576576578       -106.82238397912654     
   2.0161164164164163       -106.83227452997045     
   2.0316751751751752       -106.84161212735042     
   2.0472339339339340       -106.85043845996667     
   2.0627926926926925       -106.85879521651935     
   2.0783514514514514       -106.86672408570877     
   2.0939102102102103       -106.87426675623504     
   2.1094689689689687       -106.88146491679839     
   2.1250277277277276       -106.88836025609902     
   2.1405864864864865       -106.89499446283709     
   2.1561452452452450       -106.90140922571285     
   2.1717040040040039       -106.90764394084420     
   2.1872627627627628       -106.91371274237356     
   2.2028215215215212       -106.91961410271570     
   2.2183802802802801       -106.92534626041140     
   2.2339390390390390       -106.93090745400156     
   2.2494977977977975       -106.93629592202696     
   2.2650565565565568       -106.94150990302845     
   2.2806153153153153       -106.94654763554686     
   2.2961740740740737       -106.95140735812302     
   2.3117328328328330       -106.95608730929779     
   2.3272915915915915       -106.96058572761197     
   2.3428503503503504       -106.96490085160639     
   2.3584091091091093       -106.96903263541250     
   2.3739678678678677       -106.97298796153567     
   2.3895266266266266       -106.97677546123595     
   2.4050853853853855       -106.98040376577353     
   2.4206441441441440       -106.98388150640859     
   2.4362029029029029       -106.98721731440125     
   2.4517616616616618       -106.99041982101171     
   2.4673204204204202       -106.99349765750013     
   2.4828791791791791       -106.99645945512663     
   2.4984379379379380       -106.99931384515141     
   2.5139966966966965       -107.00206937482959     
   2.5295554554554553       -107.00473102585572     
   2.5451142142142142       -107.00729896678224     
   2.5606729729729727       -107.00977302557804     
   2.5762317317317316       -107.01215303021195     
   2.5917904904904905       -107.01443880865288     
   2.6073492492492489       -107.01663018886971     
   2.6229080080080083       -107.01872699883134     
   2.6384667667667667       -107.02072906650663     
   2.6540255255255252       -107.02263621986448     
   2.6695842842842845       -107.02444850769383     
   2.6851430430430430       -107.02617061912584     
   2.7007018018018019       -107.02781165234410     
   2.7162605605605608       -107.02938088005658     
   2.7318193193193192       -107.03088757497119     
   2.7473780780780781       -107.03234100979589     
   2.7629368368368370       -107.03375045723861     
   2.7784955955955954       -107.03512519000728     
   2.7940543543543543       -107.03647448080983     
   2.8096131131131132       -107.03780759593309     
   2.8251718718718717       -107.03913007164934     
   2.8407306306306306       -107.04043745618149     
   2.8562893893893895       -107.04172364355216     
   2.8718481481481479       -107.04298252778388     
   2.8874069069069068       -107.04420800289925     
   2.9029656656656657       -107.04539396292085     
   2.9185244244244242       -107.04653430187129     
   2.9340831831831831       -107.04762291377314     
   2.9496419419419420       -107.04865369264895     
   2.9652007007007009       -107.04962249870752     
   2.9807594594594593       -107.05053314544014     
   2.9963182182182182       -107.05139145704204     
   3.0118769769769771       -107.05220325770847     
   3.0274357357357355       -107.05297437163469     
   3.0429944944944944       -107.05371062301602     
   3.0585532532532533       -107.05441783604772     
   3.0741120120120118       -107.05510183492504     
   3.0896707707707707       -107.05576844384328     
   3.1052295295295296       -107.05642269052295     
   3.1207882882882885       -107.05706505666934     
   3.1363470470470469       -107.05769441361751     
   3.1519058058058058       -107.05830963081867     
   3.1674645645645647       -107.05890957772412     
   3.1830233233233232       -107.05949312378517     
   3.1985820820820821       -107.06005913845308     
   3.2141408408408410       -107.06060649117914     
   3.2296995995995994       -107.06113405141461     
   3.2452583583583583       -107.06164076096844     
   3.2608171171171172       -107.06212678755099     
   3.2763758758758756       -107.06259332164372     
   3.2919346346346345       -107.06304158504129     
   3.3074933933933934       -107.06347279953835     
   3.3230521521521519       -107.06388818692956     
   3.3386109109109108       -107.06428896900958     
   3.3541696696696697       -107.06467636757309     
   3.3697284284284286       -107.06505160441468     
   3.3852871871871870       -107.06541590132908     
   3.4008459459459459       -107.06577037934981     
   3.4164047047047048       -107.06611550042271     
   3.4319634634634633       -107.06645146154700     
   3.4475222222222222       -107.06677845900185     
   3.4630809809809810       -107.06709668906647     
   3.4786397397397399       -107.06740634802001     
   3.4941984984984984       -107.06770763214172     
   3.5097572572572573       -107.06800073771070     
   3.5253160160160162       -107.06828586100623     
   3.5408747747747746       -107.06856319830740     
   3.5564335335335335       -107.06883294700548     
   3.5719922922922924       -107.06909533916966     
   3.5875510510510509       -107.06935064751373     
   3.6031098098098098       -107.06959914706616     
   3.6186685685685687       -107.06984111285546     
   3.6342273273273271       -107.07007681991006     
   3.6497860860860860       -107.07030654325848     
   3.6653448448448449       -107.07053055792920     
   3.6809036036036034       -107.07074913895070     
   3.6964623623623623       -107.07096256135148     
   3.7120211211211211       -107.07117110016000     
   3.7275798798798800       -107.07137503037588     
   3.7431386386386385       -107.07157459588821     
   3.7586973973973974       -107.07176995027353     
   3.7742561561561563       -107.07196123081276     
   3.7898149149149152       -107.07214857478677     
   3.8053736736736741       -107.07233211947643     
   3.8209324324324321       -107.07251200216265     
   3.8364911911911910       -107.07268836012632     
   3.8520499499499499       -107.07286133064832     
   3.8676087087087088       -107.07303105100956     
   3.8831674674674677       -107.07319765849093     
   3.8987262262262266       -107.07336129037330     
   3.9142849849849850       -107.07352208393756     
   3.9298437437437435       -107.07368017524227     
   3.9454025025025024       -107.07383567509792     
   3.9609612612612612       -107.07398867056357     
   3.9765200200200201       -107.07413924777551     
   3.9920787787787790       -107.07428749287003     
   4.0076375375375379       -107.07443349198348     
   4.0231962962962964       -107.07457733125217     
   4.0387550550550548       -107.07471909681239     
   4.0543138138138133       -107.07485887480047     
   4.0698725725725726       -107.07499675135274     
   4.0854313313313320       -107.07513281260550     
   4.1009900900900904       -107.07526714469506     
   4.1165488488488489       -107.07539983375773     
   4.1321076076076073       -107.07553096592986     
   4.1476663663663658       -107.07566062714558     
   4.1632251251251251       -107.07578888768944     
   4.1787838838838844       -107.07591579131294     
   4.1943426426426429       -107.07604137919671     
   4.2099014014014013       -107.07616569252137     
   4.2254601601601598       -107.07628877246758     
   4.2410189189189182       -107.07641066021593     
   4.2565776776776776       -107.07653139694710     
   4.2721364364364369       -107.07665102384169     
   4.2876951951951954       -107.07676958208033     
   4.3032539539539538       -107.07688711284365     
   4.3188127127127132       -107.07700365731229     
   4.3343714714714707       -107.07711925666692     
   4.3499302302302301       -107.07723395208809     
   4.3654889889889894       -107.07734778475651     
   4.3810477477477479       -107.07746079585277     
   4.3966065065065063       -107.07757302655752     
   4.4121652652652656       -107.07768451546400     
   4.4277240240240232       -107.07779528529078     
   4.4432827827827825       -107.07790535273919     
   4.4588415415415419       -107.07801473449913     
   4.4744003003003003       -107.07812344726050     
   4.4899590590590588       -107.07823150771314     
   4.5055178178178181       -107.07833893254701     
   4.5210765765765766       -107.07844573845198     
   4.5366353353353350       -107.07855194211791     
   4.5521940940940944       -107.07865756023470     
   4.5677528528528528       -107.07876260949227     
   4.5833116116116113       -107.07886710658052     
   4.5988703703703706       -107.07897106818929     
   4.6144291291291299       -107.07907451100851     
   4.6299878878878875       -107.07917745172806     
   4.6455466466466468       -107.07927990703784     
   4.6611054054054053       -107.07938189362774     
   4.6766641641641638       -107.07948342818763     
   4.6922229229229231       -107.07958452740742     
   4.7077816816816824       -107.07968520797145     
   4.7233404404404400       -107.07978548319007     
   4.7388991991991993       -107.07988535728647     
   4.7544579579579578       -107.07998483296936     
   4.7700167167167162       -107.08008391294742     
   4.7855754754754756       -107.08018259992936     
   4.8011342342342349       -107.08028089662388     
   4.8166929929929934       -107.08037880573968     
   4.8322517517517518       -107.08047632998550     
   4.8478105105105103       -107.08057347206999     
   4.8633692692692687       -107.08067023470188     
   4.8789280280280281       -107.08076662058986     
   4.8944867867867874       -107.08086263244263     
   4.9100455455455458       -107.08095827296893     
   4.9256043043043043       -107.08105354487741     
   4.9411630630630627       -107.08114845087681     
   4.9567218218218212       -107.08124299367582     
   4.9722805805805805       -107.08133717598315     
   4.9878393393393399       -107.08143100050746     
   5.0033980980980983       -107.08152446995754     
   5.0189568568568568       -107.08161758704200     
   5.0345156156156161       -107.08171035446958     
   5.0500743743743737       -107.08180277494901     
   5.0656331331331330       -107.08189485118895     
   5.0811918918918924       -107.08198658589815     
   5.0967506506506508       -107.08207798178525     
   5.1123094094094093       -107.08216904085653     
   5.1278681681681686       -107.08225976132351     
   5.1434269269269262       -107.08235014012226     
   5.1589856856856855       -107.08244017418785     
   5.1745444444444448       -107.08252986045540     
   5.1901032032032033       -107.08261919585995     
   5.2056619619619617       -107.08270817733663     
   5.2212207207207211       -107.08279680182055     
   5.2367794794794795       -107.08288506624675     
   5.2523382382382380       -107.08297296755035     
   5.2678969969969973       -107.08306050266643     
   5.2834557557557558       -107.08314766853009     
   5.2990145145145142       -107.08323446207642     
   5.3145732732732736       -107.08332088024052     
   5.3301320320320329       -107.08340691995744     
   5.3456907907907905       -107.08349257816234     
   5.3612495495495498       -107.08357785179024     
   5.3768083083083082       -107.08366273777629     
   5.3923670670670667       -107.08374723305555     
   5.4079258258258260       -107.08383133456311     
   5.4234845845845854       -107.08391503923407     
   5.4390433433433429       -107.08399834400353     
   5.4546021021021023       -107.08408124580656     
   5.4701608608608607       -107.08416374157827     
   5.4857196196196192       -107.08424582825374     
   5.5012783783783785       -107.08432750276806     
   5.5168371371371379       -107.08440876205631     
   5.5323958958958963       -107.08448960305363     
   5.5479546546546548       -107.08457002269505     
   5.5635134134134132       -107.08465001791571     
   5.5790721721721717       -107.08472958565066     
   5.5946309309309310       -107.08480872283504     
   5.6101896896896903       -107.08488742640388     
   5.6257484484484488       -107.08496569329230     
   5.6413072072072072       -107.08504352043541     
   5.6568659659659657       -107.08512090479553     
   5.6724247247247241       -107.08519784423592     
   5.6879834834834835       -107.08527433770590     
   5.7035422422422428       -107.08535038421950     
   5.7191010010010013       -107.08542598279074     
   5.7346597597597597       -107.08550113243372     
   5.7502185185185191       -107.08557583216243     
   5.7657772772772766       -107.08565008099093     
   5.7813360360360360       -107.08572387793322     
   5.7968947947947953       -107.08579722200339     
   5.8124535535535529       -107.08587011221545     
   5.8280123123123122       -107.08594254758341     
   5.8435710710710715       -107.08601452712135     
   5.8591298298298309       -107.08608604984329     
   5.8746885885885884       -107.08615711476325     
   5.8902473473473478       -107.08622772089531     
   5.9058061061061071       -107.08629786725346     
   5.9213648648648647       -107.08636755285177     
   5.9369236236236240       -107.08643677670426     
   5.9524823823823816       -107.08650553782496     
   5.9680411411411409       -107.08657383522794     
   5.9835998998999003       -107.08664166792722     
   5.9991586586586578       -107.08670903493680     
   6.0147174174174172       -107.08677593527078     
   6.0302761761761765       -107.08684236794315     
   6.0458349349349358       -107.08690833196796     
   6.0613936936936934       -107.08697382635928     
   6.0769524524524527       -107.08703885013108     
   6.0925112112112121       -107.08710340229746     
   6.1080699699699696       -107.08716748187243     
   6.1236287287287290       -107.08723108787001     
   6.1391874874874865       -107.08729421930428     
   6.1547462462462459       -107.08735687518923     
   6.1703050050050052       -107.08741905453893     
   6.1858637637637646       -107.08748075636741     
   6.2014225225225221       -107.08754197968869     
   6.2169812812812815       -107.08760272351684     
   6.2325400400400408       -107.08766298686584     
   6.2480987987987984       -107.08772276874981     
   6.2636575575575577       -107.08778206818272     
   6.2792163163163170       -107.08784088417862     
   6.2947750750750764       -107.08789921575156     
   6.3103338338338339       -107.08795706191557     
   6.3258925925925915       -107.08801442168470     
   6.3414513513513509       -107.08807129407299     
   6.3570101101101102       -107.08812767809444     
   6.3725688688688695       -107.08818357276311     
   6.3881276276276271       -107.08823897709304     
   6.4036863863863864       -107.08829389009826     
   6.4192451451451458       -107.08834831079281     
   6.4348039039039033       -107.08840223819072     
   6.4503626626626627       -107.08845567131550     
   6.4659214214214220       -107.08850861035212     
   6.4814801801801813       -107.08856105775237     
   6.4970389389389389       -107.08861301622993     
   6.5125976976976983       -107.08866448849848     
   6.5281564564564558       -107.08871547727172     
   6.5437152152152152       -107.08876598526331     
   6.5592739739739745       -107.08881601518699     
   6.5748327327327321       -107.08886556975641     
   6.5903914914914914       -107.08891465168527     
   6.6059502502502507       -107.08896326368723     
   6.6215090090090083       -107.08901140847605     
   6.6370677677677676       -107.08905908876534     
   6.6526265265265270       -107.08910630726884     
   6.6681852852852863       -107.08915306670022     
   6.6837440440440439       -107.08919936977317     
   6.6993028028028032       -107.08924521920139     
   6.7148615615615626       -107.08929061769854     
   6.7304203203203201       -107.08933556797835     
   6.7459790790790795       -107.08938007275449     
   6.7615378378378370       -107.08942413474063     
   6.7770965965965964       -107.08946775665046     
   6.7926553553553557       -107.08951094119773     
   6.8082141141141133       -107.08955369109606     
   6.8237728728728726       -107.08959600905916     
   6.8393316316316319       -107.08963789780071     
   6.8548903903903913       -107.08967936003444     
   6.8704491491491488       -107.08972039847399     
   6.8860079079079082       -107.08976101583306     
   6.9015666666666675       -107.08980121482534     
   6.9171254254254251       -107.08984099816453     
   6.9326841841841844       -107.08988036856434     
   6.9482429429429420       -107.08991932873840     
   6.9638017017017013       -107.08995788140045     
   6.9793604604604607       -107.08999602926416     
   6.9949192192192200       -107.09003377504320     
   7.0104779779779776       -107.09007112145130     
   7.0260367367367369       -107.09010807120211     
   7.0415954954954962       -107.09014462700935     
   7.0571542542542538       -107.09018079158669     
   7.0727130130130131       -107.09021656764781     
   7.0882717717717725       -107.09025195790645     
   7.1038305305305318       -107.09028696507622     
   7.1193892892892894       -107.09032159187086     
   7.1349480480480469       -107.09035584100405     
   7.1505068068068063       -107.09038971518950     
   7.1660655655655656       -107.09042321714085     
   7.1816243243243250       -107.09045634957185     
   7.1971830830830825       -107.09048911519611     
   7.2127418418418419       -107.09052151672738     
   7.2283006006006012       -107.09055355687934     
   7.2438593593593588       -107.09058523836566     
   7.2594181181181181       -107.09061656390004     
   7.2749768768768774       -107.09064753619616     
   7.2905356356356368       -107.09067815796773     
   7.3060943943943943       -107.09070843192845     
   7.3216531531531537       -107.09073836079197     
   7.3372119119119130       -107.09076794728318     
   7.3527706706706706       -107.09079719415776     
   7.3683294294294299       -107.09082610417656     
   7.3838881881881875       -107.09085468010052     
   7.3994469469469468       -107.09088292469055     
   7.4150057057057062       -107.09091084070756     
   7.4305644644644637       -107.09093843091246     
   7.4461232232232231       -107.09096569806613     
   7.4616819819819824       -107.09099264492949     
   7.4772407407407417       -107.09101927426349     
   7.4927994994994993       -107.09104558882896     
   7.5083582582582586       -107.09107159138689     
   7.5239170170170180       -107.09109728469814     
   7.5394757757757755       -107.09112267152364     
   7.5550345345345349       -107.09114775462426     
   7.5705932932932924       -107.09117253676095     
   7.5861520520520518       -107.09119702069459     
   7.6017108108108111       -107.09122120918613     
   7.6172695695695705       -107.09124510499643     
   7.6328283283283280       -107.09126871088644     
   7.6483870870870874       -107.09129202961702     
   7.6639458458458467       -107.09131506394912     
   7.6795046046046043       -107.09133781664366     
   7.6950633633633636       -107.09136029046149     
   7.7106221221221229       -107.09138248816355     
   7.7261808808808805       -107.09140441251076     
   7.7417396396396398       -107.09142606626401     
   7.7572983983983974       -107.09144745218421     
   7.7728571571571567       -107.09146857303229     
   7.7884159159159161       -107.09148943156914     
   7.8039746746746754       -107.09151003055565     
   7.8195334334334330       -107.09153037275277     
   7.8350921921921923       -107.09155046092137     
   7.8506509509509517       -107.09157029782239     
   7.8662097097097092       -107.09158988621671     
   7.8817684684684686       -107.09160922886528     
   7.8973272272272279       -107.09162832852894     
   7.9128859859859872       -107.09164718796866     
   7.9284447447447448       -107.09166580994533     
   7.9440035035035041       -107.09168419721983     
   7.9595622622622617       -107.09170235255311     
   7.9751210210210211       -107.09172027870608     
   7.9906797797797804       -107.09173797843961     
   8.0062385385385380       -107.09175545451463     
   8.0217972972972973       -107.09177270969205     
   8.0373560560560566       -107.09178974673277     
   8.0529148148148142       -107.09180656839770     
   8.0684735735735735       -107.09182317744775     
   8.0840323323323329       -107.09183957658657     
   8.0995910910910922       -107.09185576798177     
   8.1151498498498498       -107.09187175350809     
   8.1307086086086091       -107.09188753503734     
   8.1462673673673685       -107.09190311444131     
   8.1618261261261260       -107.09191849359176     
   8.1773848848848854       -107.09193367436052     
   8.1929436436436429       -107.09194865861936     
   8.2085024024024023       -107.09196344824007     
   8.2240611611611616       -107.09197804509444     
   8.2396199199199192       -107.09199245105427     
   8.2551786786786785       -107.09200666799134     
   8.2707374374374378       -107.09202069777743     
   8.2862961961961972       -107.09203454228435     
   8.3018549549549547       -107.09204820338391     
   8.3174137137137141       -107.09206168294783     
   8.3329724724724734       -107.09207498284796     
   8.3485312312312310       -107.09208810495608     
   8.3640899899899903       -107.09210105114397     
   8.3796487487487479       -107.09211382328343     
   8.3952075075075072       -107.09212642324623     
   8.4107662662662666       -107.09213885290417     
   8.4263250250250259       -107.09215111412904     
   8.4418837837837835       -107.09216320879264     
   8.4574425425425428       -107.09217513876676     
   8.4730013013013021       -107.09218690592320     
   8.4885600600600597       -107.09219851213371     
   8.5041188188188190       -107.09220995927011     
   8.5196775775775784       -107.09222124920419     
   8.5352363363363377       -107.09223238380773     
   8.5507950950950953       -107.09224336495251     
   8.5663538538538528       -107.09225419451035     
   8.5819126126126122       -107.09226487435301     
   8.5974713713713715       -107.09227540635230     
   8.6130301301301309       -107.09228579238003     
   8.6285888888888884       -107.09229603430792     
   8.6441476476476478       -107.09230613400783     
   8.6597064064064071       -107.09231609335150     
   8.6752651651651647       -107.09232591421078     
   8.6908239239239240       -107.09233559845741     
   8.7063826826826833       -107.09234514796319     
   8.7219414414414427       -107.09235456456115     
   8.7375002002002002       -107.09236384980338     
   8.7530589589589596       -107.09237300511818     
   8.7686177177177171       -107.09238203193325     
   8.7841764764764765       -107.09239093167641     
   8.7997352352352358       -107.09239970577535     
   8.8152939939939934       -107.09240835565782     
   8.8308527527527527       -107.09241688275162     
   8.8464115115115121       -107.09242528848446     
   8.8619702702702696       -107.09243357428410     
   8.8775290290290290       -107.09244174157827     
   8.8930877877877883       -107.09244979179475     
   8.9086465465465476       -107.09245772636126     
   8.9242053053053052       -107.09246554670555     
   8.9397640640640645       -107.09247325425538     
   8.9553228228228239       -107.09248085043849     
   8.9708815815815814       -107.09248833668265     
   8.9864403403403408       -107.09249571441559     
   9.0019990990990983       -107.09250298506508     
   9.0175578578578577       -107.09251015005883     
   9.0331166166166170       -107.09251721082462     
   9.0486753753753746       -107.09252416879018     
   9.0642341341341339       -107.09253102538328     
   9.0797928928928933       -107.09253778203163     
   9.0953516516516526       -107.09254444016302     
   9.1109104104104102       -107.09255100120517     
   9.1264691691691695       -107.09255746658587     
   9.1420279279279288       -107.09256383773281     
   9.1575866866866864       -107.09257011607379     
   9.1731454454454457       -107.09257630303652     
   9.1887042042042033       -107.09258240004876     
   9.2042629629629626       -107.09258840853828     
   9.2198217217217220       -107.09259432993281     
   9.2353804804804813       -107.09260016566010     
   9.2509392392392389       -107.09260591714789     
   9.2664979979979982       -107.09261158577047     
   9.2820567567567576       -107.09261717256949     
   9.2976155155155151       -107.09262267845895     
   9.3131742742742745       -107.09262810435264     
   9.3287330330330338       -107.09263345116430     
   9.3442917917917931       -107.09263871980772     
   9.3598505505505507       -107.09264391119660     
   9.3754093093093100       -107.09264902624477     
   9.3909680680680676       -107.09265406586594     
   9.4065268268268269       -107.09265903097388     
   9.4220855855855863       -107.09266392248234     
   9.4376443443443438       -107.09266874130509     
   9.4532031031031032       -107.09267348835590     
   9.4687618618618625       -107.09267816454849     
   9.4843206206206201       -107.09268277079667     
   9.4998793793793794       -107.09268730801416     
   9.5154381381381388       -107.09269177711475     
   9.5309968968968981       -107.09269617901215     
   9.5465556556556557       -107.09270051462016     
   9.5621144144144150       -107.09270478485254     
   9.5776731731731743       -107.09270899062301     
   9.5932319319319319       -107.09271313284538     
   9.6087906906906912       -107.09271721243337     
   9.6243494494494488       -107.09272123030075     
   9.6399082082082082       -107.09272518736130     
   9.6554669669669675       -107.09272908452874     
   9.6710257257257251       -107.09273292271685     
   9.6865844844844844       -107.09273670283939     
   9.7021432432432437       -107.09274042581011     
   9.7177020020020031       -107.09274409254276     
   9.7332607607607606       -107.09274770388255     
   9.7488195195195200       -107.09275126032186     
   9.7643782782782775       -107.09275476224009     
   9.7799370370370369       -107.09275821001653     
   9.7954957957957944       -107.09276160403049     
   9.8110545545545538       -107.09276494466127     
   9.8266133133133131       -107.09276823228819     
   9.8421720720720725       -107.09277146729055     
   9.8577308308308300       -107.09277465004766     
   9.8732895895895894       -107.09277778093885     
   9.8888483483483487       -107.09278086034337     
   9.9044071071071063       -107.09278388864058     
   9.9199658658658656       -107.09278686620976     
   9.9355246246246249       -107.09278979343024     
   9.9510833833833843       -107.09279267068132     
   9.9666421421421418       -107.09279549834231     
   9.9822009009009012       -107.09279827679249     
   9.9977596596596605       -107.09280100641121     
   10.013318418418418       -107.09280368757776     
   10.028877177177177       -107.09280632067143     
   10.044435935935937       -107.09280890607154     
   10.059994694694696       -107.09281144415742     
   10.075553453453454       -107.09281393530833     
   10.091112212212213       -107.09281637990362     
   10.106670970970971       -107.09281877832258     
   10.122229729729728       -107.09282113094491     
   10.137788488488487       -107.09282343833553     
   10.153347247247247       -107.09282570154495     
   10.168906006006004       -107.09282792170222     
   10.184464764764764       -107.09283009993642     
   10.200023523523523       -107.09283223737660     
   10.215582282282282       -107.09283433515184     
   10.231141041041040       -107.09283639439114     
   10.246699799799799       -107.09283841622361     
   10.262258558558559       -107.09284040177835     
   10.277817317317316       -107.09284235218435     
   10.293376076076076       -107.09284426857069     
   10.308934834834835       -107.09284615206644     
   10.324493593593594       -107.09284800380067     
   10.340052352352352       -107.09284982490246     
   10.355611111111111       -107.09285161650081     
   10.371169869869870       -107.09285337972481     
   10.386728628628628       -107.09285511570353     
   10.402287387387387       -107.09285682556603     
   10.417846146146147       -107.09285851044136     
   10.433404904904906       -107.09286017145863     
   10.448963663663664       -107.09286180974682     
   10.464522422422423       -107.09286342643503     
   10.480081181181182       -107.09286502255897     
   10.495639939939940       -107.09286659828938     
   10.511198698698697       -107.09286815332857     
   10.526757457457457       -107.09286968737426     
   10.542316216216216       -107.09287120012415     
   10.557874974974974       -107.09287269127589     
   10.573433733733733       -107.09287416052722     
   10.588992492492492       -107.09287560757581     
   10.604551251251250       -107.09287703211933     
   10.620110010010009       -107.09287843385550     
   10.635668768768769       -107.09287981248204     
   10.651227527527528       -107.09288116769660     
   10.666786286286285       -107.09288249919689     
   10.682345045045045       -107.09288380668062     
   10.697903803803804       -107.09288508984542     
   10.713462562562562       -107.09288634838906     
   10.729021321321321       -107.09288758200918     
   10.744580080080080       -107.09288879040352     
   10.760138838838840       -107.09288997326973     
   10.775697597597597       -107.09289113030552     
   10.791256356356357       -107.09289226121518     
   10.806815115115116       -107.09289336573212     
   10.822373873873874       -107.09289444359773     
   10.837932632632633       -107.09289549455339     
   10.853491391391392       -107.09289651834050     
   10.869050150150152       -107.09289751470052     
   10.884608908908909       -107.09289848337478     
   10.900167667667668       -107.09289942410474     
   10.915726426426426       -107.09290033663177     
   10.931285185185184       -107.09290122069729     
   10.946843943943943       -107.09290207604266     
   10.962402702702702       -107.09290290240932     
   10.977961461461460       -107.09290369953870     
   10.993520220220219       -107.09290446717212     
   11.009078978978978       -107.09290520505105     
   11.024637737737738       -107.09290591291686     
   11.040196496496495       -107.09290659051096     
   11.055755255255255       -107.09290723758434     
   11.071314014014014       -107.09290785471870     
   11.086872772772772       -107.09290844395674     
   11.102431531531531       -107.09290900748960     
   11.117990290290290       -107.09290954750840     
   11.133549049049050       -107.09291006620424     
   11.149107807807807       -107.09291056576828     
   11.164666566566567       -107.09291104839161     
   11.180225325325326       -107.09291151626536     
   11.195784084084083       -107.09291197158068     
   11.211342842842843       -107.09291241652866     
   11.226901601601602       -107.09291285330042     
   11.242460360360361       -107.09291328408709     
   11.258019119119119       -107.09291371107977     
   11.273577877877878       -107.09291413646962     
   11.289136636636638       -107.09291456244775     
   11.304695395395395       -107.09291499119624     
   11.320254154154155       -107.09291542373769     
   11.335812912912912       -107.09291585880479     
   11.351371671671671       -107.09291629486185     
   11.366930430430429       -107.09291673037313     
   11.382489189189188       -107.09291716380292     
   11.398047947947948       -107.09291759361547     
   11.413606706706705       -107.09291801827509     
   11.429165465465465       -107.09291843624601     
   11.444724224224224       -107.09291884599256     
   11.460282982982983       -107.09291924597896     
   11.475841741741741       -107.09291963466957     
   11.491400500500500       -107.09292001052857     
   11.506959259259260       -107.09292037202030     
   11.522518018018017       -107.09292071760902     
   11.538076776776776       -107.09292104580686     
   11.553635535535536       -107.09292135622745     
   11.569194294294295       -107.09292164958637     
   11.584753053053053       -107.09292192664721     
   11.600311811811812       -107.09292218817350     
   11.615870570570571       -107.09292243492878     
   11.631429329329329       -107.09292266767660     
   11.646988088088088       -107.09292288718055     
   11.662546846846848       -107.09292309420414     
   11.678105605605607       -107.09292328951095     
   11.693664364364365       -107.09292347386450     
   11.709223123123124       -107.09292364802836     
   11.724781881881883       -107.09292381276609     
   11.740340640640639       -107.09292396884121     
   11.755899399399398       -107.09292411697146     
   11.771458158158158       -107.09292425753911     
   11.787016916916915       -107.09292439077763     
   11.802575675675675       -107.09292451691974     
   11.818134434434434       -107.09292463619823     
   11.833693193193193       -107.09292474884585     
   11.849251951951951       -107.09292485509535     
   11.864810710710710       -107.09292495517953     
   11.880369469469469       -107.09292504933109     
   11.895928228228227       -107.09292513778283     
   11.911486986986986       -107.09292522076750     
   11.927045745745746       -107.09292529851786     
   11.942604504504505       -107.09292537126665     
   11.958163263263263       -107.09292543914394     
   11.973722022022022       -107.09292550182762     
   11.989280780780781       -107.09292555887133     
   12.004839539539539       -107.09292560982860     
   12.020398298298298       -107.09292565425305     
   12.035957057057058       -107.09292569169824     
   12.051515815815817       -107.09292572171773     
   12.067074574574574       -107.09292574386514     
   12.082633333333334       -107.09292575769405     
   12.098192092092093       -107.09292576275801     
   12.113750850850851       -107.09292575861065     
   12.129309609609610       -107.09292574480548     
   12.144868368368368       -107.09292572101695     
   12.160427127127127       -107.09292568764542     
   12.175985885885884       -107.09292564536128     
   12.191544644644644       -107.09292559483542     
   12.207103403403403       -107.09292553673865     
   12.222662162162161       -107.09292547174185     
   12.238220920920920       -107.09292540051588     
   12.253779679679679       -107.09292532373156     
   12.269338438438439       -107.09292524205978     
   12.284897197197196       -107.09292515617136     
   12.300455955955956       -107.09292506673715     
   12.316014714714715       -107.09292497440504     
   12.331573473473473       -107.09292487912558     
   12.347132232232232       -107.09292478004312     
   12.362690990990991       -107.09292467625710     
   12.378249749749751       -107.09292456686697     
   12.393808508508508       -107.09292445097219     
   12.409367267267267       -107.09292432767221     
   12.424926026026027       -107.09292419606645     
   12.440484784784784       -107.09292405525439     
   12.456043543543544       -107.09292390433544     
   12.471602302302303       -107.09292374240910     
   12.487161061061062       -107.09292356886503     
   12.502719819819820       -107.09292338579372     
   12.518278578578579       -107.09292319675352     
   12.533837337337339       -107.09292300531743     
   12.549396096096094       -107.09292281505849     
   12.564954854854854       -107.09292262954968     
   12.580513613613613       -107.09292245236404     
   12.596072372372372       -107.09292228707457     
   12.611631131131130       -107.09292213725429     
   12.627189889889889       -107.09292200647623     
   12.642748648648649       -107.09292189726584     
   12.658307407407406       -107.09292180424742     
   12.673866166166166       -107.09292171844073     
   12.689424924924925       -107.09292163084712     
   12.704983683683682       -107.09292153246787     
   12.720542442442442       -107.09292141430443     
   12.736101201201201       -107.09292126735802     
   12.751659959959960       -107.09292108263007     
   12.767218718718718       -107.09292085112190     
   12.782777477477477       -107.09292056531316     
   12.798336236236237       -107.09292023265239     
   12.813894994994994       -107.09291986928758     
   12.829453753753754       -107.09291949147425     
   12.845012512512513       -107.09291911546784     
   12.860571271271272       -107.09291875752383     
   12.876130030030030       -107.09291843389771     
   12.891688788788789       -107.09291816084496     
   12.907247547547549       -107.09291795390605     
   12.922806306306306       -107.09291781040557     
   12.938365065065065       -107.09291770840976     
   12.953923823823825       -107.09291762506118     
   12.969482582582582       -107.09291753750247     
   12.985041341341340       -107.09291742287623     
   13.000600100100099       -107.09291725832504     
   13.016158858858859       -107.09291702099249     
   13.031717617617616       -107.09291669771936     
   13.047276376376375       -107.09291630886786     
   13.062835135135135       -107.09291588203824     
   13.078393893893894       -107.09291544483087     
   13.093952652652652       -107.09291502484601     
   13.109511411411411       -107.09291464968402     
   13.125070170170170       -107.09291434658002     
   13.140628928928928       -107.09291412168471     
   13.156187687687687       -107.09291394893521     
   13.171746446446447       -107.09291379955128     
   13.187305205205206       -107.09291364475285     
   13.202863963963964       -107.09291345575976     
   13.218422722722723       -107.09291320393741     
   13.233981481481482       -107.09291287790296     
   13.249540240240240       -107.09291249958405     
   13.265098998998999       -107.09291209470842     
   13.280657757757758       -107.09291168900390     
   13.296216516516518       -107.09291130819824     
   13.311775275275275       -107.09291097498749     
   13.327334034034035       -107.09291068332783     
   13.342892792792794       -107.09291041131759     
   13.358451551551552       -107.09291013688878     
   13.374010310310309       -107.09290983797345     
   13.389569069069069       -107.09290949593193     
   13.405127827827828       -107.09290912934227     
   13.420686586586585       -107.09290877959899     
   13.436245345345345       -107.09290848842657     
   13.451804104104104       -107.09290829754774     
   13.467362862862862       -107.09290822577118     
   13.482921621621621       -107.09290821186194     
   13.498480380380380       -107.09290817711722     
   13.514039139139140       -107.09290804283422     
   13.529597897897897       -107.09290773936391     
   13.545156656656657       -107.09290728435525     
   13.560715415415416       -107.09290674428185     
   13.576274174174173       -107.09290618615206     
   13.591832932932933       -107.09290567354238     
   13.607391691691692       -107.09290522117560     
   13.622950450450450       -107.09290480740479     
   13.638509209209209       -107.09290440971624     
   13.654067967967968       -107.09290400697026     
   13.669626726726728       -107.09290359560688     
   13.685185485485485       -107.09290318422056     
   13.700744244244245       -107.09290278164829     
   13.716303003003004       -107.09290239505863     
   13.731861761761762       -107.09290201555140     
   13.747420520520521       -107.09290162524742     
   13.762979279279280       -107.09290120616943     
   13.778538038038038       -107.09290074644782     
   13.794096796796795       -107.09290028441364     
   13.809655555555555       -107.09289988304339     
   13.825214314314314       -107.09289960548394     
   13.840773073073072       -107.09289950367673     
   13.856331831831831       -107.09289951341142     
   13.871890590590590       -107.09289950173955     
   13.887449349349350       -107.09289933481577     
   13.903008108108107       -107.09289888206807     
   13.918566866866867       -107.09289812742783     
   13.934125625625626       -107.09289719659077     
   13.949684384384383       -107.09289622405609     
   13.965243143143143       -107.09289534432304     
   13.980801901901902       -107.09289467461417     
   13.996360660660661       -107.09289422263230     
   14.011919419419419       -107.09289395329704     
   14.027478178178178       -107.09289383142988     
   14.043036936936938       -107.09289382185224     
   14.058595695695695       -107.09289388595482     
   14.074154454454455       -107.09289396580056     
   14.089713213213214       -107.09289399668999     
   14.105271971971973       -107.09289391391648     
   14.120830730730731       -107.09289365277333     
   14.136389489489490       -107.09289315088111     
   14.151948248248249       -107.09289241705406     
   14.167507007007007       -107.09289154276792     
   14.183065765765765       -107.09289062413504     
   14.198624524524524       -107.09288975726781     
   14.214183283283283       -107.09288903827866     
   14.229742042042041       -107.09288856069062     
   14.245300800800800       -107.09288834021615     
   14.260859559559560       -107.09288830301823     
   14.276418318318317       -107.09288837030826     
   14.291977077077076       -107.09288846329765     
   14.307535835835836       -107.09288850319787     
   14.323094594594595       -107.09288841122036     
   14.338653353353353       -107.09288811982989     
   14.354212112112112       -107.09288764120841     
   14.369770870870871       -107.09288702195961     
   14.385329629629629       -107.09288630882354     
   14.400888388388388       -107.09288554854011     
   14.416447147147148       -107.09288478784929     
   14.432005905905907       -107.09288407349108     
   14.447564664664664       -107.09288345123338     
   14.463123423423424       -107.09288293685321     
   14.478682182182183       -107.09288251116027     
   14.494240940940941       -107.09288215298947     
   14.509799699699700       -107.09288184117577     
   14.525358458458459       -107.09288155455417     
   14.540917217217217       -107.09288127195960     
   14.556475975975976       -107.09288097222702     
   14.572034734734736       -107.09288063426031     
   14.587593493493495       -107.09288024618627     
   14.603152252252251       -107.09287981454177     
   14.618711011011010       -107.09287934805002     
   14.634269769769769       -107.09287885543425     
   14.649828528528527       -107.09287834541767     
   14.665387287287286       -107.09287782672349     
   14.680946046046046       -107.09287730807496     
   14.696504804804805       -107.09287679819525     
   14.712063563563563       -107.09287630580521     
   14.727622322322322       -107.09287583697265     
   14.743181081081081       -107.09287539004023     
   14.758739839839839       -107.09287496195232     
   14.774298598598598       -107.09287454965319     
   14.789857357357358       -107.09287415008713     
   14.805416116116117       -107.09287376019843     
   14.820974874874874       -107.09287337693142     
   14.836533633633634       -107.09287299723040     
   14.852092392392393       -107.09287261803968     
   14.867651151151151       -107.09287223630353     
   14.883209909909910       -107.09287184942090     
   14.898768668668669       -107.09287145652333     
   14.914327427427429       -107.09287105715488     
   14.929886186186186       -107.09287065085975     
   14.945444944944946       -107.09287023718207     
   14.961003703703705       -107.09286981566602     
   14.976562462462462       -107.09286938585569     
   14.992121221221222       -107.09286894729530     
   15.007679979979979       -107.09286849952898     
   15.023238738738739       -107.09286804210085     
   15.038797497497496       -107.09286757455507     
   15.054356256256256       -107.09286709693500     
   15.069915015015015       -107.09286661120613     
   15.085473773773773       -107.09286611979660     
   15.101032532532532       -107.09286562513445     
   15.116591291291291       -107.09286512964783     
   15.132150050050051       -107.09286463576478     
   15.147708808808808       -107.09286414591347     
   15.163267567567567       -107.09286366252195     
   15.178826326326327       -107.09286318801833     
   15.194385085085084       -107.09286272483072     
   15.209943843843844       -107.09286227538720     
   15.225502602602603       -107.09286184211406     
   15.241061361361362       -107.09286142620726     
   15.256620120120120       -107.09286102550014     
   15.272178878878879       -107.09286063725672     
   15.287737637637639       -107.09286025874106     
   15.303296396396396       -107.09285988721719     
   15.318855155155156       -107.09285951994919     
   15.334413913913915       -107.09285915420111     
   15.349972672672674       -107.09285878723695     
   15.365531431431432       -107.09285841632079     
   15.381090190190191       -107.09285803871668     
   15.396648948948950       -107.09285765168866     
   15.412207707707706       -107.09285725250076     
   15.427766466466466       -107.09285683845133     
   15.443325225225225       -107.09285640857485     
   15.458883983983982       -107.09285596442743     
   15.474442742742742       -107.09285550776332     
   15.490001501501501       -107.09285504033691     
   15.505560260260260       -107.09285456390248     
   15.521119019019018       -107.09285408021437     
   15.536677777777777       -107.09285359102688     
   15.552236536536537       -107.09285309809432     
   15.567795295295294       -107.09285260317107     
   15.583354054054054       -107.09285210801136     
   15.598912812812813       -107.09285161436958     
   15.614471571571572       -107.09285112400002     
   15.630030330330330       -107.09285063865701     
   15.645589089089089       -107.09285016002548     
   15.661147847847849       -107.09284968859293     
   15.676706606606606       -107.09284922383623     
   15.692265365365365       -107.09284876520039     
   15.707824124124125       -107.09284831213057     
   15.723382882882884       -107.09284786407186     
   15.738941641641642       -107.09284742046931     
   15.754500400400401       -107.09284698076809     
   15.770059159159160       -107.09284654441322     
   15.785617917917918       -107.09284611084985     
   15.801176676676677       -107.09284567952307     
   15.816735435435435       -107.09284524987795     
   15.832294194194194       -107.09284482135961     
   15.847852952952952       -107.09284439341313     
   15.863411711711711       -107.09284396548364     
   15.878970470470470       -107.09284353702451     
   15.894529229229228       -107.09284310769981     
   15.910087987987987       -107.09284267739530     
   15.925646746746747       -107.09284224600731     
   15.941205505505506       -107.09284181343227     
   15.956764264264264       -107.09284137956651     
   15.972323023023023       -107.09284094430636     
   15.987881781781782       -107.09284050754823     
   16.003440540540542       -107.09284006918847     
   16.018999299299299       -107.09283962912342     
   16.034558058058060       -107.09283918724947     
   16.050116816816818       -107.09283874346293     
   16.065675575575575       -107.09283829766022     
   16.081234334334336       -107.09283784973769     
   16.096793093093094       -107.09283739959167     
   16.112351851851852       -107.09283694711853     
   16.127910610610613       -107.09283649221467     
   16.143469369369370       -107.09283603479064     
   16.159028128128131       -107.09283557493930     
   16.174586886886889       -107.09283511287946     
   16.190145645645647       -107.09283464883237     
   16.205704404404408       -107.09283418301938     
   16.221263163163165       -107.09283371566175     
   16.236821921921923       -107.09283324698080     
   16.252380680680680       -107.09283277719781     
   16.267939439439438       -107.09283230653408     
   16.283498198198199       -107.09283183521094     
   16.299056956956957       -107.09283136344968     
   16.314615715715718       -107.09283089147156     
   16.330174474474475       -107.09283041949791     
   16.345733233233233       -107.09282994775003     
   16.361291991991994       -107.09282947644921     
   16.376850750750751       -107.09282900581675     
   16.392409509509509       -107.09282853607397     
   16.407968268268270       -107.09282806744214     
   16.423527027027028       -107.09282760014256     
   16.439085785785785       -107.09282713439502     
   16.454644544544546       -107.09282667030897     
   16.470203303303304       -107.09282620781055     
   16.485762062062062       -107.09282574680864     
   16.501320820820823       -107.09282528721215     
   16.516879579579580       -107.09282482892998     
   16.532438338338341       -107.09282437187093     
   16.547997097097099       -107.09282391594395     
   16.563555855855856       -107.09282346105792     
   16.579114614614618       -107.09282300712171     
   16.594673373373375       -107.09282255404420     
   16.610232132132133       -107.09282210173427     
   16.625790890890894       -107.09282165010080     
   16.641349649649651       -107.09282119905269     
   16.656908408408409       -107.09282074849881     
   16.672467167167166       -107.09282029834803     
   16.688025925925928       -107.09281984850928     
   16.703584684684685       -107.09281939889139     
   16.719143443443443       -107.09281894940328     
   16.734702202202204       -107.09281849995382     
   16.750260960960961       -107.09281805045185     
   16.765819719719719       -107.09281760080630     
   16.781378478478480       -107.09281715092608     
   16.796937237237238       -107.09281670072002     
   16.812495995995995       -107.09281625011934     
   16.828054754754756       -107.09281579912434     
   16.843613513513514       -107.09281534774857     
   16.859172272272275       -107.09281489600566     
   16.874731031031033       -107.09281444390922     
   16.890289789789790       -107.09281399147282     
   16.905848548548551       -107.09281353871006     
   16.921407307307309       -107.09281308563455     
   16.936966066066066       -107.09281263225988     
   16.952524824824827       -107.09281217859964     
   16.968083583583585       -107.09281172466746     
   16.983642342342343       -107.09281127047691     
   16.999201101101104       -107.09281081604161     
   17.014759859859861       -107.09281036137511     
   17.030318618618619       -107.09280990649107     
   17.045877377377376       -107.09280945140304     
   17.061436136136138       -107.09280899612465     
   17.076994894894895       -107.09280854066948     
   17.092553653653653       -107.09280808505115     
   17.108112412412414       -107.09280762928321     
   17.123671171171171       -107.09280717337931     
   17.139229929929929       -107.09280671735303     
   17.154788688688690       -107.09280626121796     
   17.170347447447448       -107.09280580498769     
   17.185906206206205       -107.09280534867587     
   17.201464964964966       -107.09280489229603     
   17.217023723723724       -107.09280443586179     
   17.232582482482485       -107.09280397938677     
   17.248141241241242       -107.09280352288457     
   17.263700000000000       -107.09280306636875     
