   1.7204999999999999       -1.3930634565522977     
   1.7360587587587586       -1.3945623848833570     
   1.7516175175175175       -1.3960949867773540     
   1.7671762762762762       -1.3976529646647136     
   1.7827350350350351       -1.3992280209758596     
   1.7982937937937937       -1.4008118581412163     
   1.8138525525525524       -1.4023961785912080     
   1.8294113113113113       -1.4039726847562586     
   1.8449700700700700       -1.4055330790667928     
   1.8605288288288286       -1.4070690639532339     
   1.8760875875875875       -1.4085723418460072     
   1.8916463463463462       -1.4100346151755363     
   1.9072051051051051       -1.4114475863722455     
   1.9227638638638638       -1.4128029578665591     
   1.9383226226226227       -1.4140924320889010     
   1.9538813813813813       -1.4153077114696961     
   1.9694401401401400       -1.4164416790975451     
   1.9849988988988989       -1.4174952692071889     
   2.0005576576576578       -1.4184727765174152     
   2.0161164164164163       -1.4193785069532474     
   2.0316751751751752       -1.4202167664397081     
   2.0472339339339340       -1.4209918609018213     
   2.0627926926926925       -1.4217080962646098     
   2.0783514514514514       -1.4223697784530973     
   2.0939102102102103       -1.4229812133923063     
   2.1094689689689687       -1.4235467070072605     
   2.1250277277277276       -1.4240705652229837     
   2.1405864864864865       -1.4245570939644980     
   2.1561452452452450       -1.4250105991568272     
   2.1717040040040039       -1.4254350053327280     
   2.1872627627627628       -1.4258300344616839     
   2.2028215215215212       -1.4261928030399191     
   2.2183802802802801       -1.4265203886565703     
   2.2339390390390390       -1.4268098689007742     
   2.2494977977977975       -1.4270583213616681     
   2.2650565565565568       -1.4272628236283877     
   2.2806153153153153       -1.4274204532900705     
   2.2961740740740737       -1.4275282879358531     
   2.3117328328328330       -1.4275834051548721     
   2.3272915915915915       -1.4275828825362642     
   2.3428503503503504       -1.4275237976691664     
   2.3584091091091093       -1.4274052818463663     
   2.3739678678678677       -1.4272347601964024     
   2.3895266266266266       -1.4270217512517001     
   2.4050853853853855       -1.4267757735447510     
   2.4206441441441440       -1.4265063456080478     
   2.4362029029029029       -1.4262229859740827     
   2.4517616616616618       -1.4259352131753484     
   2.4673204204204202       -1.4256525457443368     
   2.4828791791791791       -1.4253845022135403     
   2.4984379379379380       -1.4251406011154506     
   2.5139966966966965       -1.4249298998346920     
   2.5295554554554553       -1.4247418825124412     
   2.5451142142142142       -1.4245396114132123     
   2.5606729729729727       -1.4242842791587655     
   2.5762317317317316       -1.4239370783708623     
   2.5917904904904905       -1.4234592016712635     
   2.6073492492492489       -1.4228118416817306     
   2.6229080080080083       -1.4219561910240244     
   2.6384667667667667       -1.4208534423199060     
   2.6540255255255252       -1.4194647881911366     
   2.6695842842842845       -1.4177558956993248     
   2.6851430430430430       -1.4157864583627846     
   2.7007018018018019       -1.4137055095762565     
   2.7162605605605608       -1.4116656190901051     
   2.7318193193193192       -1.4098193566546942     
   2.7473780780780781       -1.4083192920203875     
   2.7629368368368370       -1.4073179949375494     
   2.7784955955955954       -1.4069680351565430     
   2.7940543543543543       -1.4074219824277325     
   2.8096131131131132       -1.4088322498981702     
   2.8251718718718717       -1.4112602803137229     
   2.8407306306306306       -1.4145239203553148     
   2.8562893893893895       -1.4184006728212075     
   2.8718481481481479       -1.4226680405096621     
   2.8874069069069068       -1.4271035262189398     
   2.9029656656656657       -1.4314846327473019     
   2.9185244244244242       -1.4355888628930100     
   2.9340831831831831       -1.4391937194543254     
   2.9496419419419420       -1.4420767052295096     
   2.9652007007007009       -1.4440705005918300     
   2.9807594594594593       -1.4452309808810770     
   2.9963182182182182       -1.4456704483221514     
   3.0118769769769771       -1.4455012051428513     
   3.0274357357357355       -1.4448355535709763     
   3.0429944944944944       -1.4437857958343250     
   3.0585532532532533       -1.4424642341606966     
   3.0741120120120118       -1.4409831707778900     
   3.0896707707707707       -1.4394549079137040     
   3.1052295295295296       -1.4379776160749156     
   3.1207882882882885       -1.4365688065678550     
   3.1363470470470469       -1.4352174181619490     
   3.1519058058058058       -1.4339123562046194     
   3.1674645645645647       -1.4326425260432887     
   3.1830233233233232       -1.4313968330253795     
   3.1985820820820821       -1.4301641824983142     
   3.2141408408408410       -1.4289334798095146     
   3.2296995995995994       -1.4276936303064034     
   3.2452583583583583       -1.4264337910030185     
   3.2608171171171172       -1.4251473827131242     
   3.2763758758758756       -1.4238313835441514     
   3.2919346346346345       -1.4224828805136267     
   3.3074933933933934       -1.4210989606390760     
   3.3230521521521519       -1.4196767109380264     
   3.3386109109109108       -1.4182132184280036     
   3.3541696696696697       -1.4167055701265348     
   3.3697284284284286       -1.4151508530511459     
   3.3852871871871870       -1.4135461542193639     
   3.4008459459459459       -1.4118891180922681     
   3.4164047047047048       -1.4101810354215654     
   3.4319634634634633       -1.4084246627309955     
   3.4475222222222222       -1.4066227605277055     
   3.4630809809809810       -1.4047780893188411     
   3.4786397397397399       -1.4028934096115491     
   3.4941984984984984       -1.4009714819129755     
   3.5097572572572573       -1.3990150667302668     
   3.5253160160160162       -1.3970269245705689     
   3.5408747747747746       -1.3950098159410289     
   3.5564335335335335       -1.3929664210122032     
   3.5719922922922924       -1.3908969146443122     
   3.5875510510510509       -1.3887985353418384     
   3.6031098098098098       -1.3866683543818998     
   3.6186685685685687       -1.3845034430416163     
   3.6342273273273271       -1.3823008725981056     
   3.6497860860860860       -1.3800577143284873     
   3.6653448448448449       -1.3777710395098803     
   3.6809036036036034       -1.3754379194194033     
   3.6964623623623623       -1.3730554253341754     
   3.7120211211211211       -1.3706206285313147     
   3.7275798798798800       -1.3681306005119567     
   3.7431386386386385       -1.3655826539570315     
   3.7586973973973974       -1.3629748016845860     
   3.7742561561561563       -1.3603051828424446     
   3.7898149149149152       -1.3575719365784338     
   3.8053736736736741       -1.3547732020403789     
   3.8209324324324321       -1.3519071183761051     
   3.8364911911911910       -1.3489718247334384     
   3.8520499499499499       -1.3459654602602038     
   3.8676087087087088       -1.3428861641042273     
   3.8831674674674677       -1.3397320754133344     
   3.8987262262262266       -1.3365013333353504     
   3.9142849849849850       -1.3331920770181009     
   3.9298437437437435       -1.3298025981802351     
   3.9454025025025024       -1.3263343399366487     
   3.9609612612612612       -1.3227917100076108     
   3.9765200200200201       -1.3191792312823096     
   3.9920787787787790       -1.3155014266499341     
   4.0076375375375379       -1.3117628189996720     
   4.0231962962962964       -1.3079679312207131     
   4.0387550550550548       -1.3041212862022455     
   4.0543138138138133       -1.3002274068334578     
   4.0698725725725726       -1.2962908160035387     
   4.0854313313313320       -1.2923160366016770     
   4.1009900900900904       -1.2883075915170614     
   4.1165488488488489       -1.2842700036388806     
   4.1321076076076073       -1.2802077958563227     
   4.1476663663663658       -1.2761254643188940     
   4.1632251251251251       -1.2720254349594988     
   4.1787838838838844       -1.2679066237826413     
   4.1943426426426429       -1.2637676067061734     
   4.2099014014014013       -1.2596069596479460     
   4.2254601601601598       -1.2554232585258096     
   4.2410189189189182       -1.2512150792576158     
   4.2565776776776776       -1.2469809977612154     
   4.2721364364364369       -1.2427195899544596     
   4.2876951951951954       -1.2384294317551996     
   4.3032539539539538       -1.2341090990812869     
   4.3188127127127132       -1.2297571678505714     
   4.3343714714714707       -1.2253722139809060     
   4.3499302302302301       -1.2209528133901399     
   4.3654889889889894       -1.2164975419961255     
   4.3810477477477479       -1.2120049757167135     
   4.3966065065065063       -1.2074736904697552     
   4.4121652652652656       -1.2029024910495130     
   4.4277240240240232       -1.1982915865119392     
   4.4432827827827825       -1.1936417181917218     
   4.4588415415415419       -1.1889536284353084     
   4.4744003003003003       -1.1842280595891481     
   4.4899590590590588       -1.1794657539996884     
   4.5055178178178181       -1.1746674540133772     
   4.5210765765765766       -1.1698339019766635     
   4.5366353353353350       -1.1649658402359944     
   4.5521940940940944       -1.1600640111378184     
   4.5677528528528528       -1.1551291570285833     
   4.5833116116116113       -1.1501620202547382     
   4.5988703703703706       -1.1451633431627299     
   4.6144291291291299       -1.1401338680990072     
   4.6299878878878875       -1.1350743374100183     
   4.6455466466466468       -1.1299854934422107     
   4.6611054054054053       -1.1248680785420333     
   4.6766641641641638       -1.1197228350559334     
   4.6922229229229231       -1.1145505053303593     
   4.7077816816816824       -1.1093518315393673     
   4.7233404404404400       -1.1041274516401489     
   4.7388991991991993       -1.0988777228923141     
   4.7544579579579578       -1.0936029557753930     
   4.7700167167167162       -1.0883034607689133     
   4.7855754754754756       -1.0829795483524041     
   4.8011342342342349       -1.0776315290053942     
   4.8166929929929934       -1.0722597132074125     
   4.8322517517517518       -1.0668644114379877     
   4.8478105105105103       -1.0614459341766480     
   4.8633692692692687       -1.0560045919029228     
   4.8789280280280281       -1.0505406950963403     
   4.8944867867867874       -1.0450545542364296     
   4.9100455455455458       -1.0395464798027196     
   4.9256043043043043       -1.0340167822747386     
   4.9411630630630627       -1.0284657721320158     
   4.9567218218218212       -1.0228937598540799     
   4.9722805805805805       -1.0173010559204587     
   4.9878393393393399       -1.0116879708106821     
   5.0033980980980983       -1.0060548150042785     
   5.0189568568568568       -1.0004018989807766     
   5.0345156156156161      -0.99472953321970470     
   5.0500743743743737      -0.98903802820059272     
   5.0656331331331330      -0.98332769440296786     
   5.0811918918918924      -0.97759884230635985     
   5.0967506506506508      -0.97185178239029757     
   5.1123094094094093      -0.96608687359934386     
   5.1278681681681686      -0.96030473667939165     
   5.1434269269269262      -0.95450608037635976     
   5.1589856856856855      -0.94869161350172149     
   5.1745444444444448      -0.94286204486695224     
   5.1901032032032033      -0.93701808328352720     
   5.2056619619619617      -0.93116043756292055     
   5.2212207207207211      -0.92528981651660680     
   5.2367794794794795      -0.91940692895606124     
   5.2523382382382380      -0.91351248369275828     
   5.2678969969969973      -0.90760718953817210     
   5.2834557557557558      -0.90169175530377843     
   5.2990145145145142      -0.89576688980105146     
   5.3145732732732736      -0.88983330184146547     
   5.3301320320320329      -0.88389170023649555     
   5.3456907907907905      -0.87794279379761719     
   5.3612495495495498      -0.87198729133630359     
   5.3768083083083082      -0.86602590166403048     
   5.3923670670670667      -0.86005933359227260     
   5.4079258258258260      -0.85408829593250357     
   5.4234845845845854      -0.84811349749619924     
   5.4390433433433429      -0.84213564709483446     
   5.4546021021021023      -0.83615545353988285     
   5.4701608608608607      -0.83017362564281993     
   5.4857196196196192      -0.82419087221512022     
   5.5012783783783785      -0.81820790206825811     
   5.5168371371371379      -0.81222542401370834     
   5.5323958958958963      -0.80624414686294610     
   5.5479546546546548      -0.80026477942744600     
   5.5635134134134132      -0.79428803051868258     
   5.5790721721721717      -0.78831460894813055     
   5.5946309309309310      -0.78234522352726432     
   5.6101896896896903      -0.77638058306755864     
   5.6257484484484488      -0.77042139638048890     
   5.6413072072072072      -0.76446837227752940     
   5.6568659659659657      -0.75852221913402740     
   5.6724247247247241      -0.75258363090642100     
   5.6879834834834835      -0.74665328416802945     
   5.7035422422422428      -0.74073185445670087     
   5.7191010010010013      -0.73482001731028257     
   5.7346597597597597      -0.72891844826662211     
   5.7502185185185191      -0.72302782286356615     
   5.7657772772772766      -0.71714881663896346     
   5.7813360360360360      -0.71128210513065993     
   5.7968947947947953      -0.70542836387650354     
   5.8124535535535529      -0.69958826841434241     
   5.8280123123123122      -0.69376249428202297     
   5.8435710710710715      -0.68795171701739288     
   5.8591298298298309      -0.68215661215829948     
   5.8746885885885884      -0.67637785524259142     
   5.8902473473473478      -0.67061612180811425     
   5.9058061061061071      -0.66487208739271619     
   5.9213648648648647      -0.65914642753424524     
   5.9369236236236240      -0.65343981777054783     
   5.9524823823823816      -0.64775293363947217     
   5.9680411411411409      -0.64208645067886483     
   5.9835998998999003      -0.63644104442657368     
   5.9991586586586578      -0.63081739042044671     
   6.0147174174174172      -0.62521616419833015     
   6.0302761761761765      -0.61963804129807198     
   6.0458349349349358      -0.61408369725751966     
   6.0613936936936934      -0.60855380761452116     
   6.0769524524524527      -0.60304904790692271     
   6.0925112112112121      -0.59757009367257230     
   6.1080699699699696      -0.59211762044931804     
   6.1236287287287290      -0.58669230377500603     
   6.1391874874874865      -0.58129481918748493     
   6.1547462462462459      -0.57592584222460097     
   6.1703050050050052      -0.57058604842420202     
   6.1858637637637646      -0.56527611332413574     
   6.2014225225225221      -0.55999671246224991     
   6.2169812812812815      -0.55474852137639086     
   6.2325400400400408      -0.54953221560440657     
   6.2480987987987984      -0.54434847068414505     
   6.2636575575575577      -0.53919796215345250     
   6.2792163163163170      -0.53408136555017693     
   6.2947750750750764      -0.52899935641216589     
   6.3103338338338339      -0.52395261027726714     
   6.3258925925925915      -0.51894180268332768     
   6.3414513513513509      -0.51396760916819428     
   6.3570101101101102      -0.50903070526971483     
   6.3725688688688695      -0.50413176652573699     
   6.3881276276276271      -0.49927146847410853     
   6.4036863863863864      -0.49445048665267577     
   6.4192451451451458      -0.48966949659928671     
   6.4348039039039033      -0.48492917385178935     
   6.4503626626626627      -0.48023019109167786     
   6.4659214214214220      -0.47557286935246323     
   6.4814801801801813      -0.47095684344778416     
   6.4970389389389389      -0.46638166889110033     
   6.5125976976976983      -0.46184690119586969     
   6.5281564564564558      -0.45735209587555226     
   6.5437152152152152      -0.45289680844360619     
   6.5592739739739745      -0.44848059441349097     
   6.5748327327327321      -0.44410300929866620     
   6.5903914914914914      -0.43976360861258990     
   6.6059502502502507      -0.43546194786872178     
   6.6215090090090083      -0.43119758258052115     
   6.6370677677677676      -0.42697006826144618     
   6.6526265265265270      -0.42277896042495655     
   6.6681852852852863      -0.41862381458451120     
   6.6837440440440439      -0.41450418625356966     
   6.6993028028028032      -0.41041963094559014     
   6.7148615615615626      -0.40636970417403195     
   6.7304203203203201      -0.40235396145235491     
   6.7459790790790795      -0.39837195829401695     
   6.7615378378378370      -0.39442325021247815     
   6.7770965965965964      -0.39050739272119656     
   6.7926553553553557      -0.38662394133363176     
   6.8082141141141133      -0.38277245156324319     
   6.8237728728728726      -0.37895247892348916     
   6.8393316316316319      -0.37516357892782903     
   6.8548903903903913      -0.37140530708972191     
   6.8704491491491488      -0.36767721892262739     
   6.8860079079079082      -0.36397886994000339     
   6.9015666666666675      -0.36030981565530973     
   6.9171254254254251      -0.35666961158200566     
   6.9326841841841844      -0.35305781323354957     
   6.9482429429429420      -0.34947397612340120     
   6.9638017017017013      -0.34591765576501887     
   6.9793604604604607      -0.34238840767186207     
   6.9949192192192200      -0.33888578735738978     
   7.0104779779779776      -0.33540935033506153     
   7.0260367367367369      -0.33195865211833547     
   7.0415954954954962      -0.32853324822067120     
   7.0571542542542538      -0.32513269415552815     
   7.0727130130130131      -0.32175654543636445     
   7.0882717717717725      -0.31840435757663976     
   7.1038305305305318      -0.31507568608981301     
   7.1193892892892894      -0.31177008648934362     
   7.1349480480480469      -0.30848711428869041     
   7.1505068068068063      -0.30522632500131192     
   7.1660655655655656      -0.30198727414066756     
   7.1816243243243250      -0.29876951722021661     
   7.1971830830830825      -0.29557260975341826     
   7.2127418418418419      -0.29239610725373094     
   7.2283006006006012      -0.28923956523461403     
   7.2438593593593588      -0.28610253920952711     
   7.2594181181181181      -0.28298458469192828     
   7.2749768768768774      -0.27988525719527702     
   7.2905356356356368      -0.27680411223303258     
   7.3060943943943943      -0.27374070531865413     
   7.3216531531531537      -0.27069459222138997     
   7.3372119119119130      -0.26766551205086625     
   7.3527706706706706      -0.26465370965917390     
   7.3683294294294299      -0.26165951636093915     
   7.3838881881881875      -0.25868326347078946     
   7.3994469469469468      -0.25572528230335101     
   7.4150057057057062      -0.25278590417325109     
   7.4305644644644637      -0.24986546039511670     
   7.4461232232232231      -0.24696428228357414     
   7.4616819819819824      -0.24408270115325056     
   7.4772407407407417      -0.24122104831877278     
   7.4927994994994993      -0.23837965509476799     
   7.5083582582582586      -0.23555885279586239     
   7.5239170170170180      -0.23275897273668311     
   7.5394757757757755      -0.22998034623185742     
   7.5550345345345349      -0.22722330459601137     
   7.5705932932932924      -0.22448817914377250     
   7.5861520520520518      -0.22177530118976710     
   7.6017108108108111      -0.21908500204862225     
   7.6172695695695705      -0.21641761303496485     
   7.6328283283283280      -0.21377346546342196     
   7.6483870870870874      -0.21115289064861989     
   7.6639458458458467      -0.20855621990518575     
   7.6795046046046043      -0.20598378454774666     
   7.6950633633633636      -0.20343591589092896     
   7.7106221221221229      -0.20091294524935968     
   7.7261808808808805      -0.19841520393766604     
   7.7417396396396398      -0.19594302327047428     
   7.7572983983983974      -0.19349673456241182     
   7.7728571571571567      -0.19107666912810492     
   7.7884159159159161      -0.18868315828218071     
   7.8039746746746754      -0.18631653333926601     
   7.8195334334334330      -0.18397712561398796     
   7.8350921921921923      -0.18166526642097289     
   7.8506509509509517      -0.17938128707484791     
   7.8662097097097092      -0.17712551889024009     
   7.8817684684684686      -0.17489829318177574     
   7.8973272272272279      -0.17269994126408200     
   7.9128859859859872      -0.17053079445178568     
   7.9284447447447448      -0.16839118405951395     
   7.9440035035035041      -0.16628144140189310     
   7.9595622622622617      -0.16420189779355041     
   7.9751210210210211      -0.16215288454911239     
   7.9906797797797804      -0.16013473298320596     
   8.0062385385385380      -0.15814777441045827     
   8.0217972972972973      -0.15619234014549574     
   8.0373560560560566      -0.15426876150294536     
   8.0529148148148142      -0.15237736979743424     
   8.0684735735735735      -0.15051849634358883     
   8.0840323323323329      -0.14869239196661704     
   8.0995910910910922      -0.14689855395994517     
   8.1151498498498498      -0.14513606796626510     
   8.1307086086086091      -0.14340401545284193     
   8.1462673673673685      -0.14170147788694129     
   8.1618261261261260      -0.14002753673582891     
   8.1773848848848854      -0.13838127346676984     
   8.1929436436436429      -0.13676176954702993     
   8.2085024024024023      -0.13516810644387425     
   8.2240611611611616      -0.13359936562456851     
   8.2396199199199192      -0.13205462855637831     
   8.2551786786786785      -0.13053297670656880     
   8.2707374374374378      -0.12903349154240557     
   8.2862961961961972      -0.12755525453115413     
   8.3018549549549547      -0.12609734714008008     
   8.3174137137137141      -0.12465885083644861     
   8.3329724724724734      -0.12323884708752529     
   8.3485312312312310      -0.12183641736057581     
   8.3640899899899903      -0.12045064312286527     
   8.3796487487487479      -0.11908060584165950     
   8.3952075075075072      -0.11772538698422361     
   8.4107662662662666      -0.11638406801782322     
   8.4263250250250259      -0.11505573040972383     
   8.4418837837837835      -0.11373945562719105     
   8.4574425425425428      -0.11243432513749005     
   8.4730013013013021      -0.11113942040788645     
   8.4885600600600597      -0.10985382290564587     
   8.5041188188188190      -0.10857661409803340     
   8.5196775775775784      -0.10730687545231479     
   8.5352363363363377      -0.10604368843575544     
   8.5507950950950953      -0.10478613451562095     
   8.5663538538538528      -0.10353329515917667     
   8.5819126126126122      -0.10228425183368790     
   8.5974713713713715      -0.10103808600642027     
   8.6130301301301309       -9.9793879144639275E-002
   8.6285888888888884       -9.8550712715610458E-002
   8.6441476476476478       -9.7307668186599028E-002
   8.6597064064064071       -9.6063827024870610E-002
   8.6752651651651647       -9.4818270697690832E-002
   8.6908239239239240       -9.3570080672324848E-002
   8.7063826826826833       -9.2318338416038259E-002
   8.7219414414414427       -9.1062315348497042E-002
   8.7375002002002002       -8.9802659716369609E-002
   8.7530589589589596       -8.8540626439999409E-002
   8.7686177177177171       -8.7277473084972260E-002
   8.7841764764764765       -8.6014457216873480E-002
   8.7997352352352358       -8.4752836401288709E-002
   8.8152939939939934       -8.3493868203803639E-002
   8.8308527527527527       -8.2238810190003564E-002
   8.8464115115115121       -8.0988919925474176E-002
   8.8619702702702696       -7.9745454975801142E-002
   8.8775290290290290       -7.8509672906569711E-002
   8.8930877877877883       -7.7282831283365619E-002
   8.9086465465465476       -7.6066187671774407E-002
   8.9242053053053052       -7.4860999637381742E-002
   8.9397640640640645       -7.3668524745772887E-002
   8.9553228228228239       -7.2490020562533550E-002
   8.9708815815815814       -7.1326744653249424E-002
   8.9864403403403408       -7.0179954583505760E-002
   9.0019990990990983       -6.9050907918888418E-002
   9.0175578578578577       -6.7940862224982621E-002
   9.0331166166166170       -6.6851075067374074E-002
   9.0486753753753746       -6.5782804011648488E-002
   9.0642341341341339       -6.4737306623391125E-002
   9.0797928928928933       -6.3715840468187651E-002
   9.0953516516516526       -6.2719663111623650E-002
   9.1109104104104102       -6.1750032119284766E-002
   9.1264691691691695       -6.0808205056756298E-002
   9.1420279279279288       -5.9895439489623954E-002
   9.1575866866866864       -5.9012992983473352E-002
   9.1731454454454457       -5.8162123103889837E-002
   9.1887042042042033       -5.7344087416459175E-002
   9.2042629629629626       -5.6560143486766710E-002
   9.2198217217217220       -5.5811548880398083E-002
   9.2353804804804813       -5.5099561162938855E-002
   9.2509392392392389       -5.4425437899974657E-002
   9.2664979979979982       -5.3790014804364371E-002
   9.2820567567567576       -5.3191504331366178E-002
   9.2976155155155151       -5.2627112171513869E-002
   9.3131742742742745       -5.2094041942500530E-002
   9.3287330330330338       -5.1589497262019446E-002
   9.3442917917917931       -5.1110681747763814E-002
   9.3598505505505507       -5.0654799017426914E-002
   9.3754093093093100       -5.0219052688701839E-002
   9.3909680680680676       -4.9800646379281908E-002
   9.4065268268268269       -4.9396783706860237E-002
   9.4220855855855863       -4.9004668289130075E-002
   9.4376443443443438       -4.8621503743784683E-002
   9.4532031031031032       -4.8244493688517201E-002
   9.4687618618618625       -4.7870841741020867E-002
   9.4843206206206201       -4.7497751518988926E-002
   9.4998793793793794       -4.7122426640114533E-002
   9.5154381381381388       -4.6742070722090925E-002
   9.5309968968968981       -4.6353887382611300E-002
   9.5465556556556557       -4.5955080239368944E-002
   9.5621144144144150       -4.5542852910056955E-002
   9.5776731731731743       -4.5114409012368607E-002
   9.5932319319319319       -4.4666952163997159E-002
   9.6087906906906912       -4.4197685982635709E-002
   9.6243494494494488       -4.3703814085977580E-002
   9.6399082082082082       -4.3182540091715876E-002
   9.6554669669669675       -4.2631067617543865E-002
   9.6710257257257251       -4.2046600281154832E-002
   9.6865844844844844       -4.1426341700241835E-002
   9.7021432432432437       -4.0767495492498168E-002
   9.7177020020020031       -4.0067265275617027E-002
   9.7332607607607606       -3.9323679892326928E-002
   9.7488195195195200       -3.8539012059237494E-002
   9.7643782782782775       -3.7716894911421397E-002
   9.7799370370370369       -3.6860962206203045E-002
   9.7954957957957944       -3.5974847700907232E-002
   9.8110545545545538       -3.5062185152858333E-002
   9.8266133133133131       -3.4126608319381059E-002
   9.8421720720720725       -3.3171750957799999E-002
   9.8577308308308300       -3.2201246825439865E-002
   9.8732895895895894       -3.1218729679625034E-002
   9.8888483483483487       -3.0227833277680204E-002
   9.9044071071071063       -2.9232191376930082E-002
   9.9199658658658656       -2.8235437734699057E-002
   9.9355246246246249       -2.7241206108311818E-002
   9.9510833833833843       -2.6253130255092960E-002
   9.9666421421421418       -2.5274843932367206E-002
   9.9822009009009012       -2.4309980897458918E-002
   9.9977596596596605       -2.3362174907692809E-002
   10.013318418418418       -2.2435059720393571E-002
   10.028877177177177       -2.1532269092885595E-002
   10.044435935935937       -2.0657436782493578E-002
   10.059994694694696       -1.9814196546542127E-002
   10.075553453453454       -1.9006182142355919E-002
   10.091112212212213       -1.8237027327259365E-002
   10.106670970970971       -1.7510365858577241E-002
   10.122229729729728       -1.6829828334596959E-002
   10.137788488488487       -1.6197453949758630E-002
   10.153347247247247       -1.5611111464013193E-002
   10.168906006006004       -1.5067994808536062E-002
   10.184464764764764       -1.4565297914502503E-002
   10.200023523523523       -1.4100214713087941E-002
   10.215582282282282       -1.3669939135467756E-002
   10.231141041041040       -1.3271665112817365E-002
   10.246699799799799       -1.2902586576312051E-002
   10.262258558558559       -1.2559897457127234E-002
   10.277817317317316       -1.2240791686438324E-002
   10.293376076076076       -1.1942463195420623E-002
   10.308934834834835       -1.1662105915249540E-002
   10.324493593593594       -1.1396913777100452E-002
   10.340052352352352       -1.1144080712148757E-002
   10.355611111111111       -1.0900800651569776E-002
   10.371169869869870       -1.0664267526538908E-002
   10.386728628628628       -1.0431675268231555E-002
   10.402287387387387       -1.0200217807823039E-002
   10.417846146146147       -9.9670890764887599E-003
   10.433404904904906       -9.7294830054040909E-003
   10.448963663663664       -9.4845935257444336E-003
   10.464522422422423       -9.2296145686851065E-003
   10.480081181181182       -8.9620001365178503E-003
   10.495639939939940       -8.6816131597975618E-003
   10.511198698698697       -8.3896213403349511E-003
   10.526757457457457       -8.0872052417978475E-003
   10.542316216216216       -7.7755454278541428E-003
   10.557874974974974       -7.4558224621717384E-003
   10.573433733733733       -7.1292169084184280E-003
   10.588992492492492       -6.7969093302621096E-003
   10.604551251251250       -6.4600802913706845E-003
   10.620110010010009       -6.1199103554119396E-003
   10.635668768768769       -5.7775800860537805E-003
   10.651227527527528       -5.4342700469640660E-003
   10.666786286286285       -5.0911608018107011E-003
   10.682345045045045       -4.7494329142614717E-003
   10.697903803803804       -4.4102669479842782E-003
   10.713462562562562       -4.0748434666470238E-003
   10.729021321321321       -3.7443430339174962E-003
   10.744580080080080       -3.4199462134635972E-003
   10.760138838838840       -3.1028335689531894E-003
   10.775697597597597       -2.7941856640541734E-003
   10.791256356356357       -2.4949597696149713E-003
   10.806815115115116       -2.2051290748262551E-003
   10.822373873873874       -1.9243957542409780E-003
   10.837932632632633       -1.6524619741159693E-003
   10.853491391391392       -1.3890299007081539E-003
   10.869050150150152       -1.1338017002744255E-003
   10.884608908908909       -8.8647953907170364E-004
   10.900167667667668       -6.4676558335682562E-004
   10.915726426426426       -4.1436199938673935E-004
   10.931285185185184       -1.8897095341830974E-004
   10.946843943943943        2.9705388291594611E-005
   10.962402702702702        2.4196485948605460E-004
   10.977961461461460        4.4810529390815418E-004
   10.993520220220219        6.4842452530104711E-004
   11.009078978978978        8.4322038740781687E-004
   11.024637737737738        1.0327907139715705E-003
   11.040196496496495        1.2174333387353939E-003
   11.055755255255255        1.3974454729456158E-003
   11.071314014014014        1.5730703862878955E-003
   11.086872772772772        1.7444564759367506E-003
   11.102431531531531        1.9117425030074102E-003
   11.117990290290290        2.0750672286150443E-003
   11.133549049049050        2.2345694138748442E-003
   11.149107807807807        2.3903878199019817E-003
   11.164666566566567        2.5426612078116814E-003
   11.180225325325326        2.6915283387191173E-003
   11.195784084084083        2.8371279737394619E-003
   11.211342842842843        2.9795988739879388E-003
   11.226901601601602        3.1190798005797209E-003
   11.242460360360361        3.2557095146299986E-003
   11.258019119119119        3.3896267772539476E-003
   11.273577877877878        3.5209703495667870E-003
   11.289136636636638        3.6498789926836927E-003
   11.304695395395395        3.7764911574607544E-003
   11.320254154154155        3.9009053946793314E-003
   11.335812912912912        4.0231414610415852E-003
   11.351371671671671        4.1432098758876733E-003
   11.366930430430429        4.2611211585577005E-003
   11.382489189189188        4.3768858283918244E-003
   11.398047947947948        4.4905144047301610E-003
   11.413606706706705        4.6020174069128297E-003
   11.429165465465465        4.7114053542799857E-003
   11.444724224224224        4.8186887661717482E-003
   11.460282982982983        4.9238781619282473E-003
   11.475841741741741        5.0269840608896015E-003
   11.491400500500500        5.1280169823959667E-003
   11.506959259259260        5.2269874457874605E-003
   11.522518018018017        5.3239059704042017E-003
   11.538076776776776        5.4187825254484118E-003
   11.553635535535536        5.5116144170055913E-003
   11.569194294294295        5.6023862825175354E-003
   11.584753053053053        5.6910822081826934E-003
   11.600311811811812        5.7776862801995447E-003
   11.615870570570571        5.8621825847665352E-003
   11.631429329329329        5.9445552080821138E-003
   11.646988088088088        6.0247882363447585E-003
   11.662546846846848        6.1028657557529167E-003
   11.678105605605607        6.1787718525050479E-003
   11.693664364364365        6.2524906127996004E-003
   11.709223123123124        6.3240061228350486E-003
   11.724781881881883        6.3933024688098460E-003
   11.740340640640639        6.4603637369224304E-003
   11.755899399399398        6.5251827871498410E-003
   11.771458158158158        6.5878166266292873E-003
   11.787016916916915        6.6483507431280807E-003
   11.802575675675675        6.7068707530638207E-003
   11.818134434434434        6.7634622728540896E-003
   11.833693193193193        6.8182109189164749E-003
   11.849251951951951        6.8712023076685632E-003
   11.864810710710710        6.9225220555279516E-003
   11.880369469469469        6.9722557789122239E-003
   11.895928228228227        7.0204890942389617E-003
   11.911486986986986        7.0673076179257679E-003
   11.927045745745746        7.1127969663902224E-003
   11.942604504504505        7.1570427560499160E-003
   11.958163263263263        7.2001247419620521E-003
   11.973722022022022        7.2420968818164020E-003
   11.989280780780781        7.2830060381694232E-003
   12.004839539539539        7.3228990733689549E-003
   12.020398298298298        7.3618228497628448E-003
   12.035957057057058        7.3998242296989310E-003
   12.051515815815817        7.4369500755250562E-003
   12.067074574574574        7.4732472495890575E-003
   12.082633333333334        7.5087626142387827E-003
   12.098192092092093        7.5435430318220708E-003
   12.113750850850851        7.5776353646867609E-003
   12.129309609609610        7.6110864751806999E-003
   12.144868368368368        7.6439197864708449E-003
   12.160427127127127        7.6760178343485037E-003
   12.175985885885884        7.7072107616653314E-003
   12.191544644644644        7.7373286236375773E-003
   12.207103403403403        7.7662014754814792E-003
   12.222662162162161        7.7936593724132744E-003
   12.238220920920920        7.8195323696492128E-003
   12.253779679679679        7.8436505224055292E-003
   12.269338438438439        7.8658438858984665E-003
   12.284897197197196        7.8859425153442672E-003
   12.300455955955956        7.9037764659591701E-003
   12.316014714714715        7.9191842617175722E-003
   12.331573473473473        7.9322612934016011E-003
   12.347132232232232        7.9433999312573580E-003
   12.362690990990991        7.9530090898098683E-003
   12.378249749749751        7.9614976835841594E-003
   12.393808508508508        7.9692746271052533E-003
   12.409367267267267        7.9767488348981841E-003
   12.424926026026027        7.9843292214879773E-003
   12.440484784784784        7.9924247013996533E-003
   12.456043543543544        8.0014441891582411E-003
   12.471602302302303        8.0117965992887695E-003
   12.487161061061062        8.0238008617378991E-003
   12.502719819819820        8.0369387518788391E-003
   12.518278578578579        8.0502370071755085E-003
   12.533837337337339        8.0627178262517359E-003
   12.549396096096094        8.0734034077313537E-003
   12.564954854854854        8.0813159502382027E-003
   12.580513613613613        8.0854776523961083E-003
   12.596072372372372        8.0849107128289095E-003
   12.611631131131130        8.0786373301604316E-003
   12.627189889889889        8.0656797030145139E-003
   12.642748648648649        8.0452932546869402E-003
   12.658307407407406        8.0184925073734491E-003
   12.673866166166166        7.9870944941716378E-003
   12.689424924924925        7.9529203452735810E-003
   12.704983683683682        7.9177911908713487E-003
   12.720542442442442        7.8835281611570017E-003
   12.736101201201201        7.8519523863226151E-003
   12.751659959959960        7.8248849965602534E-003
   12.767218718718718        7.8041471220619916E-003
   12.782777477477477        7.7913532365463389E-003
   12.798336236236237        7.7860252700482835E-003
   12.813894994994994        7.7864690264951679E-003
   12.829453753753754        7.7909752886975688E-003
   12.845012512512513        7.7978348394660583E-003
   12.860571271271272        7.8053384616112147E-003
   12.876130030030030        7.8117769379436111E-003
   12.891688788788789        7.8154410512738248E-003
   12.907247547547549        7.8146741484634765E-003
   12.922806306306306        7.8091588133453469E-003
   12.938365065065065        7.7999935004790981E-003
   12.953923823823825        7.7883445701048687E-003
   12.969482582582582        7.7753783824628048E-003
   12.985041341341340        7.7622612977930458E-003
   13.000600100100099        7.7501596763357326E-003
   13.016158858858859        7.7402398173779226E-003
   13.031717617617616        7.7330622496482402E-003
   13.047276376376375        7.7270934716096376E-003
   13.062835135135135        7.7203478249926270E-003
   13.078393893893894        7.7108396515277178E-003
   13.093952652652652        7.6965832929454239E-003
   13.109511411411411        7.6755930909762548E-003
   13.125070170170170        7.6459416758671859E-003
   13.140628928928928        7.6090669276328562E-003
   13.156187687687687        7.5715483129001051E-003
   13.171746446446447        7.5403989853820748E-003
   13.187305205205206        7.5226320987919005E-003
   13.202863963963964        7.5252608068427131E-003
   13.218422722722723        7.5551444822203710E-003
   13.233981481481482        7.6009208764747996E-003
   13.249540240240240        7.6160443145488269E-003
   13.265098998998999        7.5499553272232621E-003
   13.280657757757758        7.3520944452789066E-003
   13.296216516516518        6.9719021994965585E-003
   13.311775275275275        6.3719880576045915E-003
   13.327334034034035        5.6397975103218215E-003
   13.342892792792794        4.9316576540388317E-003
   13.358451551551552        4.4046176239657970E-003
   13.374010310310309        4.2157265553127033E-003
   13.389569069069069        4.5017590494862746E-003
   13.405127827827828        5.1793855533854528E-003
   13.420686586586585        6.0303411543003813E-003
   13.436245345345345        6.8344092299456377E-003
   13.451804104104104        7.3713787317085970E-003
   13.467362862862862        7.4896949846803050E-003
   13.482921621621621        7.2776367842202179E-003
   13.498480380380380        6.8758210971457409E-003
   13.514039139139140        6.4248648902743176E-003
   13.529597897897897        6.0566234957739962E-003
   13.545156656656657        5.8184703676273835E-003
   13.560715415415416        5.7105293639144400E-003
   13.576274174174173        5.7324068642036693E-003
   13.591832932932933        5.8809760705784723E-003
   13.607391691691692        6.1142028932542293E-003
   13.622950450450450        6.3610881517356856E-003
   13.638509209209209        6.5499423654141681E-003
   13.654067967967968        6.6153437452429924E-003
   13.669626726726728        6.5720620958820584E-003
   13.685185485485485        6.4903112020294794E-003
   13.700744244244245        6.4414107269439415E-003
   13.716303003003004        6.4895541347674461E-003
   13.731861761761762        6.6302995524953560E-003
   13.747420520520521        6.8208524670746729E-003
   13.762979279279280        7.0179995283432038E-003
   13.778538038038038        7.1786712943162105E-003
   13.794096796796795        7.2609811519871014E-003
   13.809655555555555        7.2236231852100740E-003
   13.825214314314314        7.0252954927110950E-003
   13.840773073073072        6.6324619086207837E-003
   13.856331831831831        6.0920830559517908E-003
   13.871890590590590        5.4987572506041043E-003
   13.887449349349350        4.9477043141942182E-003
   13.903008108108107        4.5329076368422127E-003
   13.918566866866867        4.3050984688016618E-003
   13.934125625625626        4.2614584768306011E-003
   13.949684384384383        4.3958439177574733E-003
   13.965243143143143        4.7021110484107755E-003
   13.980801901901902        5.1643916799541294E-003
   13.996360660660661        5.7051723866675908E-003
   14.011919419419419        6.2228585819693776E-003
   14.027478178178178        6.6158003500041522E-003
   14.043036936936938        6.7823477749163891E-003
   14.058595695695695        6.6468560410642358E-003
   14.074154454454455        6.2801841722299355E-003
   14.089713213213214        5.8044505057927012E-003
   14.105271971971973        5.3418276580587459E-003
   14.120830730730731        5.0144882453343068E-003
   14.136389489489490        4.9413468937565767E-003
   14.151948248248249        5.1416470509094113E-003
   14.167507007007007        5.5189064404414546E-003
   14.183065765765765        5.9701514196343524E-003
   14.198624524524524        6.3924083457697796E-003
   14.214183283283283        6.6827035761292883E-003
   14.229742042042041        6.7406911845546667E-003
   14.245300800800800        6.5449912364080190E-003
   14.260859559559560        6.1651027833510477E-003
   14.276418318318317        5.6755499485446883E-003
   14.291977077077076        5.1508568551496894E-003
   14.307535835835836        4.6655476263269781E-003
   14.323094594594595        4.2941463852374240E-003
   14.338653353353353        4.1013088435226421E-003
   14.354212112112112        4.0817845535710429E-003
   14.369770870870871        4.2001376097338871E-003
   14.385329629629629        4.4208126386456213E-003
   14.400888388388388        4.7082542669407744E-003
   14.416447147147148        5.0269071212538053E-003
   14.432005905905907        5.3412158282191901E-003
   14.447564664664664        5.6162077752399692E-003
   14.463123423423424        5.8348906234352042E-003
   14.478682182182183        6.0012358115864826E-003
   14.494240940940941        6.1203986520719251E-003
   14.509799699699700        6.1975344572696919E-003
   14.525358458458459        6.2377985395579011E-003
   14.540917217217217        6.2463462113146852E-003
   14.556475975975976        6.2283327849181796E-003
   14.572034734734736        6.1889043602811541E-003
   14.587593493493495        6.1319738126554817E-003
   14.603152252252251        6.0589923629897928E-003
   14.618711011011010        5.9711188893697229E-003
   14.634269769769769        5.8695122698809547E-003
   14.649828528528527        5.7553313826091716E-003
   14.665387287287286        5.6297351056400170E-003
   14.680946046046046        5.4938823170591709E-003
   14.696504804804805        5.3489318949523044E-003
   14.712063563563563        5.1960432691010704E-003
   14.727622322322322        5.0369858109461704E-003
   14.743181081081081        4.8753049589587722E-003
   14.758739839839839        4.7148676476044104E-003
   14.774298598598598        4.5595408113485595E-003
   14.789857357357358        4.4131913846567547E-003
   14.805416116116117        4.2796863019945080E-003
   14.820974874874874        4.1628924978273484E-003
   14.836533633633634        4.0666769066207611E-003
   14.852092392392393        3.9949064628402760E-003
   14.867651151151151        3.9514480945000707E-003
   14.883209909909910        3.9385594720215368E-003
   14.898768668668669        3.9523654380251086E-003
   14.914327427427429        3.9875301173745237E-003
   14.929886186186186        4.0387176349335092E-003
   14.945444944944946        4.1005921155658140E-003
   14.961003703703705        4.1678176841351685E-003
   14.976562462462462        4.2350584655053000E-003
   14.992121221221222        4.2969785845399632E-003
   15.007679979979979        4.3482421661028775E-003
   15.023238738738739        4.3835133350577926E-003
   15.038797497497496        4.3974562195288431E-003
   15.054356256256256        4.3863904986654141E-003
   15.069915015015015        4.3530106639676379E-003
   15.085473773773773        4.3015453558326085E-003
   15.101032532532532        4.2362232146574003E-003
   15.116591291291291        4.1612728808391062E-003
   15.132150050050051        4.0809229947748110E-003
   15.147708808808808        3.9994021968616095E-003
   15.163267567567567        3.9209391274965715E-003
   15.178826326326327        3.8497624270767911E-003
   15.194385085085084        3.7901007359993615E-003
   15.209943843843844        3.7461826946613547E-003
   15.225502602602603        3.7222343220444094E-003
   15.241061361361362        3.7207243515466237E-003
   15.256620120120120        3.7393184419019358E-003
   15.272178878878879        3.7748691195390832E-003
   15.287737637637639        3.8242289108868007E-003
   15.303296396396396        3.8842503423738130E-003
   15.318855155155156        3.9517859404288704E-003
   15.334413913913915        4.0236882314806984E-003
   15.349972672672674        4.0968097419580331E-003
   15.365531431431432        4.1680029982895999E-003
   15.381090190190191        4.2341205269041497E-003
   15.396648948948950        4.2920148542304071E-003
   15.412207707707706        4.3385385066970995E-003
   15.427766466466466        4.3705840920651457E-003
   15.443325225225225        4.3870747163118097E-003
   15.458883983983982        4.3898825128998627E-003
   15.474442742742742        4.3811114608313462E-003
   15.490001501501501        4.3628655391083071E-003
   15.505560260260260        4.3372487267327887E-003
   15.521119019019018        4.3063650027068386E-003
   15.536677777777777        4.2723183460324967E-003
   15.552236536536537        4.2372127357118107E-003
   15.567795295295294        4.2031521507468290E-003
   15.583354054054054        4.1722405701395864E-003
   15.598912812812813        4.1465819728921357E-003
   15.614471571571572        4.1282803380065184E-003
   15.630030330330330        4.1194396444847814E-003
   15.645589089089089        4.1220569237012715E-003
   15.661147847847849        4.1362833596779247E-003
   15.676706606606606        4.1607120829472571E-003
   15.692265365365365        4.1938873540812742E-003
   15.707824124124125        4.2343534336519752E-003
   15.723382882882884        4.2806545822313621E-003
   15.738941641641642        4.3313350603914275E-003
   15.754500400400401        4.3849391287041854E-003
   15.770059159159160        4.4400110477416307E-003
   15.785617917917918        4.4950950780757570E-003
   15.801176676676677        4.5487354802785781E-003
   15.816735435435435        4.5994765149220832E-003
   15.832294194194194        4.6458624425782854E-003
   15.847852952952952        4.6864375238191737E-003
   15.863411711711711        4.7197460192167596E-003
   15.878970470470470        4.7443727541433937E-003
   15.894529229229228        4.7599286429101930E-003
   15.910087987987987        4.7671052406938414E-003
   15.925646746746747        4.7666455870347124E-003
   15.941205505505506        4.7592927214731816E-003
   15.956764264264264        4.7457896835496251E-003
   15.972323023023023        4.7268795128044142E-003
   15.987881781781782        4.7033052487779267E-003
   16.003440540540542        4.6758099310105364E-003
   16.018999299299299        4.6451365990426204E-003
   16.034558058058060        4.6120282924145455E-003
   16.050116816816818        4.5772280506666992E-003
   16.065675575575575        4.5414789133394499E-003
   16.081234334334336        4.5055239199731645E-003
   16.096793093093094        4.4701061101082339E-003
   16.112351851851852        4.4359685232850240E-003
   16.127910610610613        4.4038541990439033E-003
   16.143469369369370        4.3744650132234025E-003
   16.159028128128131        4.3479763528936396E-003
   16.174586886886889        4.3241996809736533E-003
   16.190145645645647        4.3029392059329751E-003
   16.205704404404408        4.2839991362411366E-003
   16.221263163163165        4.2671836803676822E-003
   16.236821921921923        4.2522970467821471E-003
   16.252380680680680        4.2391434439540661E-003
   16.267939439439438        4.2275270803529760E-003
   16.283498198198199        4.2172521644484135E-003
   16.299056956956957        4.2081229047099180E-003
   16.314615715715718        4.1999435096070226E-003
   16.330174474474475        4.1925181876092694E-003
   16.345733233233233        4.1856511471861924E-003
   16.361291991991994        4.1791465968073257E-003
   16.376850750750751        4.1728087449422113E-003
   16.392409509509509        4.1664418000603833E-003
   16.407968268268270        4.1598499706313775E-003
   16.423527027027028        4.1528374651247342E-003
   16.439085785785785        4.1452096440317918E-003
   16.454644544544546        4.1368557600780969E-003
   16.470203303303304        4.1278043886954869E-003
   16.485762062062062        4.1180972456873032E-003
   16.501320820820823        4.1077760468568834E-003
   16.516879579579580        4.0968825080075766E-003
   16.532438338338341        4.0854583449427169E-003
   16.547997097097099        4.0735452734656542E-003
   16.563555855855856        4.0611850093797254E-003
   16.579114614614618        4.0484192684882708E-003
   16.594673373373375        4.0352897665946377E-003
   16.610232132132133        4.0218382195021645E-003
   16.625790890890894        4.0081063430141908E-003
   16.641349649649651        3.9941358529340647E-003
   16.656908408408409        3.9799684650651248E-003
   16.672467167167166        3.9656458952107114E-003
   16.688025925925928        3.9512098591741648E-003
   16.703584684684685        3.9367020727588322E-003
   16.719143443443443        3.9221642517680540E-003
   16.734702202202204        3.9076381120051670E-003
   16.750260960960961        3.8931653692735203E-003
   16.765819719719719        3.8787877393764527E-003
   16.781378478478480        3.8645469381173025E-003
   16.796937237237238        3.8504846761231700E-003
   16.812495995995995        3.8366322437516859E-003
   16.828054754754756        3.8229886654080683E-003
   16.843613513513514        3.8095467392292928E-003
   16.859172272272275        3.7962992633523238E-003
   16.874731031031033        3.7832390359141379E-003
   16.890289789789790        3.7703588550517010E-003
   16.905848548548551        3.7576515189019799E-003
   16.921407307307309        3.7451098256019531E-003
   16.936966066066066        3.7327265732885842E-003
   16.952524824824827        3.7204945600988427E-003
   16.968083583583585        3.7084065841697035E-003
   16.983642342342343        3.6964554436381336E-003
   16.999201101101104        3.6846339366411011E-003
   17.014759859859861        3.6729348613155802E-003
   17.030318618618619        3.6613510157985402E-003
   17.045877377377376        3.6498751982269487E-003
   17.061436136136138        3.6385002067377747E-003
   17.076994894894895        3.6272188394679931E-003
   17.092553653653653        3.6160238945545718E-003
   17.108112412412414        3.6049081701344764E-003
   17.123671171171171        3.5938644643446838E-003
   17.139229929929929        3.5828855753221619E-003
   17.154788688688690        3.5719643012038765E-003
   17.170347447447448        3.5610934401268035E-003
   17.185906206206205        3.5502657902279108E-003
   17.201464964964966        3.5394741496441650E-003
   17.217023723723724        3.5287113165125418E-003
   17.232582482482485        3.5179700889700063E-003
   17.248141241241242        3.5072432651535325E-003
   17.263700000000000        3.4965236432000896E-003
